1	7206.9804	578.8
1	7208.0063	600.8
2	7107.4778	372.2	
2	7124.5607	748.3
2	7125.8200	776.5
2	7147.0416	1255.5
2	7150.2844	1329.8
2	7158.8387	1527.3
2	7168.8952	1762.2
3	7018.5675	346.9
3	7030.2514	606.1
3	7067.2181	1451.2
3	7068.7358	1486.7
3	7084.1690	1852.2
4	6937.6642	451.7
4	6943.6105	585.5
4	6951.4776	764.2
4	6960.2500	965.4
4	6989.6553	1653.3
4	7000.8036	1925.6
5	6834.9246	21.8
5	6861.2688	615.6
5	6863.5350	667.5
5	6871.2891	846.7
5	6874.7530	927.1
5	6888.1742	1242.5
5	6889.3032	1269.0
5	6911.2264	1797.2
6	6752.8335	5.7
6	6766.6117	317.6
6	6778.3123	586.3
6	6834.9246	1945.2
7	6674.6969	35.7
7	6677.2817	94.7
7	6684.2929	255.3
7	6713.9700	950.3
7	6727.4583	1275.2
7	6752.8335	1902.8
8	6619.9458	569.1
8	6638.2207	1006.6
8	6639.7403	1043.4
8	6643.6976	1139.8
8	6644.6635	1163.3
9	6531.3418	272.2
9	6554.1603	817.5
9	6558.8756	932.2
9	6577.2146	1385.1
9	6583.9060	1553.3
9	6588.5396	1670.8
9	6591.4845	1745.9
9	6593.9391	1808.6
10	6457.2824	276.2
10	6483.0825	901.2
10	6490.7372	1090.7
10	6493.1975	1151.9
10	6512.3639	1637.1
11	6376.9305	89.4
11	6384.7169	276.0
11	6387.3957	340.7
11	6400.6961	665.2
11	6411.8991	942.5
11	6413.6145	985.3
11	6416.3071	1052.8
12	6307.6570	127.5
12	6327.2778	607.8
12	6342.8595	998.4
12	6348.7375	1147.6
12	6371.9436	1750.1
12	6376.9305	1882.2
13	6243.1201	244.9
13	6257.4237	599.7
13	6261.4181	700.1
13	6271.5444	957.0
13	6274.1166	1022.7
13	6296.8722	1615.7
13	6307.6570	1903.6
14	6169.8221	110.2
14	6173.0964	191.4
14	6178.4315	323.8
14	6180.7050	380.6
14	6188.1251	567.4
14	6191.9053	663.2
14	6198.2227	824.5
14	6203.4925	960.0
14	6207.2201	1056.5
14	6224.5272	1511.4
14	6226.3697	1560.3
14	6234.8554	1788.5
15	6112.8375	345.1
15	6114.9234	398.0
15	6138.6465	1008.7
15	6145.4411	1187.3
15	6164.4796	1697.3
15	6169.8221	1843.3
15	6172.2778	1910.7
16	6037.6975	89.1
16	6049.0510	376.9
16	6059.3725	680.4
16	6073.1036	1002.4
16	6088.0305	1417.2
16	6105.6351	1883.3
17	5973.6649	77.1
17	5975.0648	112.7
17	5989.0447	472.1
17	5994.1287	604.6
17	6030.4450	1579.3
17	6032.1274	1626.0
17	6037.6975	1780.5
17	6043.2233	1935.4
18	5912.0853	93.9
18	5928.8130	529.0
18	5973.6649	1748.2
18	5975.0648	1787.8
19	5860.3103	333.9
19	5905.5707	1564.0
19	5912.0853	1748.3
20	5792.4304	120.6
20	5800.8297	342.7
20	5804.1412	430.8
20	5815.4219	734.4
20	5832.3705	1200.2
20	5860.3103	1995.3
21	5739.5196	269.7
21	5753.0265	634.5
21	5763.5290	923.1
21	5789.6451	1661.1
21	5800.8297	1986.6
22	5700.9176	784.4
22	5707.1033	957.0
22	5725.3885	1476.6
22	5739.5196	1888.8
23	5639.7461	652.4
23	5648.9910	911.6
23	5665.1799	1374.4
24	5579.3583	509.7
24	5604.5154	1225.0
24	5615.3195	1541.0
25	5514.8731	221.7
25	5539.2618	910.5
25	5571.1913	1853.0
26	5492.6435	1104.4
26	5509.9938	1621.2
27	5417.4858	439.6
27	5451.6520	1442.8
28	5394.7608	1277.3
28	5417.4853	1976.5
29	5312.0018	317.4
29	5343.5812	1254.0
30	5258.3602	187.9
30	5266.7103	431.5
31	5231.1597	813.7
31	5247.6547	1319.7
32	5158.6041	66.0
32	5199.1637	1294.9
33	5115.0448	152.6
33	5145.3083	1074.4
33	5162.2846	1612.6
34	5067.9737	110.9
34	5100.6211	1113.8
34	5115.0448	1575.4
35	5028.6556	278.3
35	5047.0434	847.1
36	5009.334	1056.0
37	4972.1597	1263.5
37	4985.3725	1700.7
38	4904.7516	471.9
38	4939.6422	1607.5
39	4865.4775	556.6
39	4889.0422	1524.1
40	4840.8492	1099.6
41	4778.2940	381.8
41	4789.3868	742.5
42	4735.9058	298.7
42	4752.4141	840.0
42	4778.2940	1722.1
43	4702.3161	480.5
43	4732.0532	1485.7
44	4657.9012	287.1
44	4673.6609	811.5
45	4637.2328	865.1
46	4579.3495	173.7
46	4589.8978	526.4
46	4598.7627	828.1
47	4564.4054	912.6
48	4510.7332	311.7
48	4545.9156	1544.5
49	4474.7594	295.9
49	4486.8973	714.9
49	4502.9268	1283.3
50	4448.8792	611.0
50	4458.0015	932.9
51	4400.9863	144.6
51	4433.8380	1309.8
52	4379.6668	584.0
52	4400.0968	1323.2
53	4352.2049	798.5
53	4371.3290	1503.4
54	4300.1008	114.9
54	4300.6495	133.9
54	4332.0297	1270.5
55	4300.1008	1294.7
55	4300.6495	1315.4
55	4282.0413	626.5
56	4257.4963	899.8
56	4272.1689	1453.3
57	4222.6373	775.7
57	4235.4636	1258.9
58	4208.8907	1435.2
59	4164.1795	896.6
59	4170.5333	1139.1
60	4134.0681	899.0
60	4158.5905	1861.4
61	4100.3414	746.1
61	4108.4198	1057.1
62	4079.5738	1076.6
62	4094.7470	1680.6
63	4042.8937	774.0
63	4044.4179	833.1
64	4012.4952	698.7
64	4030.8424	1426.1
64	4044.4179	1984.1
65	3979.3559	501.3
66	3950.3951	449.9
66	3967.3921	1122.2
66	3979.3559	1611.4
67	3948.9789	1489.1
67	3950.3951	1547.9
68	3916.4176	1367.9
68	3928.6233	1770.4
69	3868.5284	400.8
69	3873.8224	611.2
70	3868.5284	1471.9
70	3850.5813	729.8
71	3839.6953	1350.1
71	3830.7736	977.4
72	3809.4561	1153.8
73	3766.1186	404.0
73	3771.3708	618.4
74	3765.2700	1408.2
74	3766.1186	1444.8	
75	3729.3087	921.8
75	3729.3087	1982.6