-5.000000000000000000e-01
-3.500000000000000000e+00
1.000000000000000000e+00
-5.000000000000000000e-01
-1.500000000000000000e+00
0.000000000000000000e+00
3.000000000000000000e+00
0.000000000000000000e+00
1.640000000000000000e+02
1.815000000000000000e+02
1.940000000000000000e+02
1.950000000000000000e+02
2.020000000000000000e+02
2.115000000000000000e+02
2.190000000000000000e+02
2.220000000000000000e+02
2.145000000000000000e+02
2.200000000000000000e+02
2.170000000000000000e+02
2.235000000000000000e+02
2.210000000000000000e+02
2.230000000000000000e+02
2.255000000000000000e+02
2.440000000000000000e+02
2.415000000000000000e+02
2.425000000000000000e+02
2.880000000000000000e+02
3.810000000000000000e+02
5.440000000000000000e+02
5.765000000000000000e+02
4.975000000000000000e+02
6.245000000000000000e+02
7.040000000000000000e+02
7.580000000000000000e+02
7.250000000000000000e+02
6.080000000000000000e+02
6.415000000000000000e+02
6.285000000000000000e+02
5.380000000000000000e+02
4.235000000000000000e+02
4.415000000000000000e+02
5.495000000000000000e+02
5.960000000000000000e+02
5.915000000000000000e+02
5.675000000000000000e+02
6.390000000000000000e+02
6.485000000000000000e+02
6.120000000000000000e+02
5.495000000000000000e+02
5.025000000000000000e+02
5.180000000000000000e+02
5.050000000000000000e+02
4.630000000000000000e+02
4.445000000000000000e+02
4.630000000000000000e+02
4.875000000000000000e+02
5.305000000000000000e+02
7.030000000000000000e+02
1.641000000000000000e+03
3.080000000000000000e+03
3.332000000000000000e+03
2.869000000000000000e+03
3.524000000000000000e+03
4.130500000000000000e+03
4.388500000000000000e+03
3.972500000000000000e+03
3.059000000000000000e+03
3.204000000000000000e+03
3.146500000000000000e+03
2.155000000000000000e+03
1.224500000000000000e+03
1.346000000000000000e+03
2.184000000000000000e+03
2.618000000000000000e+03
2.430000000000000000e+03
2.247000000000000000e+03
2.726000000000000000e+03
2.860000000000000000e+03
2.609500000000000000e+03
2.012000000000000000e+03
1.652000000000000000e+03
1.711000000000000000e+03
1.509500000000000000e+03
1.000500000000000000e+03
7.820000000000000000e+02
7.900000000000000000e+02
8.390000000000000000e+02
1.045500000000000000e+03
2.328000000000000000e+03
8.851500000000000000e+03
1.467600000000000000e+04
1.400800000000000000e+04
1.214600000000000000e+04
1.696000000000000000e+04
1.886800000000000000e+04
1.922350000000000000e+04
1.523550000000000000e+04
1.116900000000000000e+04
1.291300000000000000e+04
1.159500000000000000e+04
6.547500000000000000e+03
3.322500000000000000e+03
5.416000000000000000e+03
9.869500000000000000e+03
1.074150000000000000e+04
8.672500000000000000e+03
9.117000000000000000e+03
1.223050000000000000e+04
1.267950000000000000e+04
1.111250000000000000e+04
6.437000000000000000e+03
6.289500000000000000e+03
6.855500000000000000e+03
4.571000000000000000e+03
1.605000000000000000e+03
8.840000000000000000e+02
8.210000000000000000e+02
8.845000000000000000e+02
1.340000000000000000e+03
5.659500000000000000e+03
1.857850000000000000e+04
2.400150000000000000e+04
2.104750000000000000e+04
2.353100000000000000e+04
3.204300000000000000e+04
3.304000000000000000e+04
3.138900000000000000e+04
2.160400000000000000e+04
2.050800000000000000e+04
2.319250000000000000e+04
1.758250000000000000e+04
6.139500000000000000e+03
4.529000000000000000e+03
1.407450000000000000e+04
2.072450000000000000e+04
1.985500000000000000e+04
1.446350000000000000e+04
2.138100000000000000e+04
2.469950000000000000e+04
2.353900000000000000e+04
1.744100000000000000e+04
9.793000000000000000e+03
1.240050000000000000e+04
1.132900000000000000e+04
5.357000000000000000e+03
1.343000000000000000e+03
7.550000000000000000e+02
6.970000000000000000e+02
8.460000000000000000e+02
2.056500000000000000e+03
1.260300000000000000e+04
2.799450000000000000e+04
2.881800000000000000e+04
2.226900000000000000e+04
3.161600000000000000e+04
3.856000000000000000e+04
4.039800000000000000e+04
3.554200000000000000e+04
2.355400000000000000e+04
2.658800000000000000e+04
2.718000000000000000e+04
1.664300000000000000e+04
5.080500000000000000e+03
7.602000000000000000e+03
2.020400000000000000e+04
2.468500000000000000e+04
2.117100000000000000e+04
1.884700000000000000e+04
2.643250000000000000e+04
2.770200000000000000e+04
2.452950000000000000e+04
1.589900000000000000e+04
1.142050000000000000e+04
1.381900000000000000e+04
1.093350000000000000e+04
3.571500000000000000e+03
8.670000000000000000e+02
6.535000000000000000e+02
6.285000000000000000e+02
7.495000000000000000e+02
1.835500000000000000e+03
1.325100000000000000e+04
2.788600000000000000e+04
2.885000000000000000e+04
2.178900000000000000e+04
3.325600000000000000e+04
3.807050000000000000e+04
3.926550000000000000e+04
3.454550000000000000e+04
2.252500000000000000e+04
2.796100000000000000e+04
2.785200000000000000e+04
1.612850000000000000e+04
4.525500000000000000e+03
7.963000000000000000e+03
2.124000000000000000e+04
2.521150000000000000e+04
2.060800000000000000e+04
1.835250000000000000e+04
2.651300000000000000e+04
2.798200000000000000e+04
2.450700000000000000e+04
1.512450000000000000e+04
1.173200000000000000e+04
1.437950000000000000e+04
1.084700000000000000e+04
3.307000000000000000e+03
7.475000000000000000e+02
5.820000000000000000e+02
5.690000000000000000e+02
6.015000000000000000e+02
1.034000000000000000e+03
6.264000000000000000e+03
2.089150000000000000e+04
2.504150000000000000e+04
1.994500000000000000e+04
2.297100000000000000e+04
3.157700000000000000e+04
3.296000000000000000e+04
3.144750000000000000e+04
2.102800000000000000e+04
2.191400000000000000e+04
2.444300000000000000e+04
1.779100000000000000e+04
5.403000000000000000e+03
4.159500000000000000e+03
1.473750000000000000e+04
2.077500000000000000e+04
1.938200000000000000e+04
1.395350000000000000e+04
2.063650000000000000e+04
2.350100000000000000e+04
2.225150000000000000e+04
1.614600000000000000e+04
9.106000000000000000e+03
1.179950000000000000e+04
1.082850000000000000e+04
4.694000000000000000e+03
9.025000000000000000e+02
5.360000000000000000e+02
5.250000000000000000e+02
5.375000000000000000e+02
5.915000000000000000e+02
1.051500000000000000e+03
7.024000000000000000e+03
1.861050000000000000e+04
2.057450000000000000e+04
1.560450000000000000e+04
2.075100000000000000e+04
2.593550000000000000e+04
2.757050000000000000e+04
2.474650000000000000e+04
1.604200000000000000e+04
1.819450000000000000e+04
1.929900000000000000e+04
1.294400000000000000e+04
3.628000000000000000e+03
4.302000000000000000e+03
1.358450000000000000e+04
1.732850000000000000e+04
1.518250000000000000e+04
1.185450000000000000e+04
1.776400000000000000e+04
1.895100000000000000e+04
1.735500000000000000e+04
1.158650000000000000e+04
7.420500000000000000e+03
9.755500000000000000e+03
8.194000000000000000e+03
3.067000000000000000e+03
6.495000000000000000e+02
4.895000000000000000e+02
4.835000000000000000e+02
4.900000000000000000e+02
4.945000000000000000e+02
6.400000000000000000e+02
2.356000000000000000e+03
1.152950000000000000e+04
1.729100000000000000e+04
1.504050000000000000e+04
1.319850000000000000e+04
2.024750000000000000e+04
2.197450000000000000e+04
2.208550000000000000e+04
1.644900000000000000e+04
1.328300000000000000e+04
1.591050000000000000e+04
1.373800000000000000e+04
5.771000000000000000e+03
2.243000000000000000e+03
7.247500000000000000e+03
1.381550000000000000e+04
1.379100000000000000e+04
9.897500000000000000e+03
1.223000000000000000e+04
1.550150000000000000e+04
1.523950000000000000e+04
1.235850000000000000e+04
6.570000000000000000e+03
7.405000000000000000e+03
7.903500000000000000e+03
4.665500000000000000e+03
9.815000000000000000e+02
4.750000000000000000e+02
4.455000000000000000e+02
4.390000000000000000e+02
4.460000000000000000e+02
4.420000000000000000e+02
5.380000000000000000e+02
1.411500000000000000e+03
8.326000000000000000e+03
1.339900000000000000e+04
1.248600000000000000e+04
9.922500000000000000e+03
1.615150000000000000e+04
1.702200000000000000e+04
1.784100000000000000e+04
1.422000000000000000e+04
1.021700000000000000e+04
1.310600000000000000e+04
1.167450000000000000e+04
5.677000000000000000e+03
1.878500000000000000e+03
4.816500000000000000e+03
1.075350000000000000e+04
1.124900000000000000e+04
8.321500000000000000e+03
8.984000000000000000e+03
1.240050000000000000e+04
1.234650000000000000e+04
1.040250000000000000e+04
5.785000000000000000e+03
5.694500000000000000e+03
6.487000000000000000e+03
4.342500000000000000e+03
1.056500000000000000e+03
4.285000000000000000e+02
4.190000000000000000e+02
4.000000000000000000e+02
4.050000000000000000e+02
4.170000000000000000e+02
4.130000000000000000e+02
5.175000000000000000e+02
1.478500000000000000e+03
7.454000000000000000e+03
1.116150000000000000e+04
9.816000000000000000e+03
8.600000000000000000e+03
1.352300000000000000e+04
1.458000000000000000e+04
1.471650000000000000e+04
1.106750000000000000e+04
8.653500000000000000e+03
1.081000000000000000e+04
9.470000000000000000e+03
4.250500000000000000e+03
1.584500000000000000e+03
4.509500000000000000e+03
8.895000000000000000e+03
9.317000000000000000e+03
6.559500000000000000e+03
7.764500000000000000e+03
1.025900000000000000e+04
1.020550000000000000e+04
8.273500000000000000e+03
4.685000000000000000e+03
4.797000000000000000e+03
5.353500000000000000e+03
3.396500000000000000e+03
8.210000000000000000e+02
4.230000000000000000e+02
3.870000000000000000e+02
3.965000000000000000e+02
3.980000000000000000e+02
3.940000000000000000e+02
4.070000000000000000e+02
4.270000000000000000e+02
5.620000000000000000e+02
2.432000000000000000e+03
8.781000000000000000e+03
1.124450000000000000e+04
9.052500000000000000e+03
9.459500000000000000e+03
1.356950000000000000e+04
1.451700000000000000e+04
1.406700000000000000e+04
9.718000000000000000e+03
8.956500000000000000e+03
1.051650000000000000e+04
8.369000000000000000e+03
2.971000000000000000e+03
1.754500000000000000e+03
5.856000000000000000e+03
9.217500000000000000e+03
8.638000000000000000e+03
6.226500000000000000e+03
8.779500000000000000e+03
1.030350000000000000e+04
9.848000000000000000e+03
7.482500000000000000e+03
4.153000000000000000e+03
5.071500000000000000e+03
5.046500000000000000e+03
2.657500000000000000e+03
6.370000000000000000e+02
4.285000000000000000e+02
4.175000000000000000e+02
4.160000000000000000e+02
4.430000000000000000e+02
4.515000000000000000e+02
4.380000000000000000e+02
4.505000000000000000e+02
5.340000000000000000e+02
9.650000000000000000e+02
6.500500000000000000e+03
1.429900000000000000e+04
1.506800000000000000e+04
1.119050000000000000e+04
1.647500000000000000e+04
1.960450000000000000e+04
2.065250000000000000e+04
1.830850000000000000e+04
1.175000000000000000e+04
1.432000000000000000e+04
1.436750000000000000e+04
9.154500000000000000e+03
2.683500000000000000e+03
3.586500000000000000e+03
1.078450000000000000e+04
1.320550000000000000e+04
1.126500000000000000e+04
9.088500000000000000e+03
1.363300000000000000e+04
1.484350000000000000e+04
1.303650000000000000e+04
8.628500000000000000e+03
5.923500000000000000e+03
7.578000000000000000e+03
6.258000000000000000e+03
2.266500000000000000e+03
5.850000000000000000e+02
4.905000000000000000e+02
4.820000000000000000e+02
4.905000000000000000e+02
4.960000000000000000e+02
5.015000000000000000e+02
5.075000000000000000e+02
5.305000000000000000e+02
5.695000000000000000e+02
7.895000000000000000e+02
2.783500000000000000e+03
1.435800000000000000e+04
2.147400000000000000e+04
1.993700000000000000e+04
1.670450000000000000e+04
2.599100000000000000e+04
2.877700000000000000e+04
2.851800000000000000e+04
2.165350000000000000e+04
1.659050000000000000e+04
2.039850000000000000e+04
1.847750000000000000e+04
8.511000000000000000e+03
2.970000000000000000e+03
8.528000000000000000e+03
1.728200000000000000e+04
1.800100000000000000e+04
1.326850000000000000e+04
1.516050000000000000e+04
1.974500000000000000e+04
2.035500000000000000e+04
1.627700000000000000e+04
9.209000000000000000e+03
9.335500000000000000e+03
1.023800000000000000e+04
6.919000000000000000e+03
1.528500000000000000e+03
5.920000000000000000e+02
5.455000000000000000e+02
5.235000000000000000e+02
5.255000000000000000e+02
5.180000000000000000e+02
5.345000000000000000e+02
5.270000000000000000e+02
5.400000000000000000e+02
5.595000000000000000e+02
6.240000000000000000e+02
9.510000000000000000e+02
5.673000000000000000e+03
1.649500000000000000e+04
1.941450000000000000e+04
1.560250000000000000e+04
1.847150000000000000e+04
2.408850000000000000e+04
2.559400000000000000e+04
2.471150000000000000e+04
1.635550000000000000e+04
1.644600000000000000e+04
1.864150000000000000e+04
1.370150000000000000e+04
4.593500000000000000e+03
3.433000000000000000e+03
1.143950000000000000e+04
1.676300000000000000e+04
1.487700000000000000e+04
1.111250000000000000e+04
1.627200000000000000e+04
1.845950000000000000e+04
1.726900000000000000e+04
1.242550000000000000e+04
7.236000000000000000e+03
9.134000000000000000e+03
8.840500000000000000e+03
4.160000000000000000e+03
8.115000000000000000e+02
5.320000000000000000e+02
5.240000000000000000e+02
5.185000000000000000e+02
4.975000000000000000e+02
4.855000000000000000e+02
5.180000000000000000e+02
4.860000000000000000e+02
5.070000000000000000e+02
5.260000000000000000e+02
5.500000000000000000e+02
6.075000000000000000e+02
1.261000000000000000e+03
7.428500000000000000e+03
1.447800000000000000e+04
1.457350000000000000e+04
1.124800000000000000e+04
1.672300000000000000e+04
1.901300000000000000e+04
2.005350000000000000e+04
1.727600000000000000e+04
1.179500000000000000e+04
1.378700000000000000e+04
1.437250000000000000e+04
8.451500000000000000e+03
2.566500000000000000e+03
4.006500000000000000e+03
1.104500000000000000e+04
1.305000000000000000e+04
1.054700000000000000e+04
9.275500000000000000e+03
1.332300000000000000e+04
1.416750000000000000e+04
1.246900000000000000e+04
8.126000000000000000e+03
5.896500000000000000e+03
7.490000000000000000e+03
6.086500000000000000e+03
2.128000000000000000e+03
5.660000000000000000e+02
4.995000000000000000e+02
4.910000000000000000e+02
4.710000000000000000e+02
4.615000000000000000e+02
4.585000000000000000e+02
4.660000000000000000e+02
4.700000000000000000e+02
4.705000000000000000e+02
4.820000000000000000e+02
5.020000000000000000e+02
5.130000000000000000e+02
6.155000000000000000e+02
1.778500000000000000e+03
9.156500000000000000e+03
1.475850000000000000e+04
1.374600000000000000e+04
1.088300000000000000e+04
1.743400000000000000e+04
1.903550000000000000e+04
1.926450000000000000e+04
1.566200000000000000e+04
1.111500000000000000e+04
1.371950000000000000e+04
1.310200000000000000e+04
6.652000000000000000e+03
2.221000000000000000e+03
5.114500000000000000e+03
1.147400000000000000e+04
1.258750000000000000e+04
9.477500000000000000e+03
9.718000000000000000e+03
1.348200000000000000e+04
1.380600000000000000e+04
1.132100000000000000e+04
6.931500000000000000e+03
6.069000000000000000e+03
7.088500000000000000e+03
5.082500000000000000e+03
1.532500000000000000e+03
5.010000000000000000e+02
4.600000000000000000e+02
4.495000000000000000e+02
4.565000000000000000e+02
4.415000000000000000e+02
4.370000000000000000e+02
4.460000000000000000e+02
4.340000000000000000e+02
4.465000000000000000e+02
4.405000000000000000e+02
4.550000000000000000e+02
4.760000000000000000e+02
4.880000000000000000e+02
6.005000000000000000e+02
1.701000000000000000e+03
8.133000000000000000e+03
1.269250000000000000e+04
1.171650000000000000e+04
9.638500000000000000e+03
1.500700000000000000e+04
1.619950000000000000e+04
1.697650000000000000e+04
1.277350000000000000e+04
9.876500000000000000e+03
1.175700000000000000e+04
1.092400000000000000e+04
5.714500000000000000e+03
1.927000000000000000e+03
4.604500000000000000e+03
9.897000000000000000e+03
1.047900000000000000e+04
7.995000000000000000e+03
8.579000000000000000e+03
1.156250000000000000e+04
1.174300000000000000e+04
9.639500000000000000e+03
5.954500000000000000e+03
5.167500000000000000e+03
6.055500000000000000e+03
4.284000000000000000e+03
1.282000000000000000e+03
4.730000000000000000e+02
4.280000000000000000e+02
4.125000000000000000e+02
4.165000000000000000e+02
4.185000000000000000e+02
4.200000000000000000e+02
4.160000000000000000e+02
4.120000000000000000e+02
4.030000000000000000e+02
4.020000000000000000e+02
4.200000000000000000e+02
4.250000000000000000e+02
4.365000000000000000e+02
4.515000000000000000e+02
5.225000000000000000e+02
1.166000000000000000e+03
5.665000000000000000e+03
1.038950000000000000e+04
1.004950000000000000e+04
7.827000000000000000e+03
1.168050000000000000e+04
1.352850000000000000e+04
1.412950000000000000e+04
1.152350000000000000e+04
8.159500000000000000e+03
9.816500000000000000e+03
9.578500000000000000e+03
5.581500000000000000e+03
1.792500000000000000e+03
3.145500000000000000e+03
7.753500000000000000e+03
8.698500000000000000e+03
7.070000000000000000e+03
6.696000000000000000e+03
9.583000000000000000e+03
9.834000000000000000e+03
8.380000000000000000e+03
5.617500000000000000e+03
4.232000000000000000e+03
5.281000000000000000e+03
4.151500000000000000e+03
1.441500000000000000e+03
5.050000000000000000e+02
4.410000000000000000e+02
4.275000000000000000e+02
4.290000000000000000e+02
4.260000000000000000e+02
4.215000000000000000e+02
4.380000000000000000e+02
4.230000000000000000e+02
4.390000000000000000e+02
4.365000000000000000e+02
4.355000000000000000e+02
4.315000000000000000e+02
4.515000000000000000e+02
4.750000000000000000e+02
4.725000000000000000e+02
5.500000000000000000e+02
8.325000000000000000e+02
4.199500000000000000e+03
1.177150000000000000e+04
1.341400000000000000e+04
1.117350000000000000e+04
1.280750000000000000e+04
1.682700000000000000e+04
1.776350000000000000e+04
1.718850000000000000e+04
1.152950000000000000e+04
1.144250000000000000e+04
1.310550000000000000e+04
9.901000000000000000e+03
3.573500000000000000e+03
2.568500000000000000e+03
7.710500000000000000e+03
1.152500000000000000e+04
1.048750000000000000e+04
7.810500000000000000e+03
1.126350000000000000e+04
1.313150000000000000e+04
1.180300000000000000e+04
9.014000000000000000e+03
5.482500000000000000e+03
6.467000000000000000e+03
6.223000000000000000e+03
3.330000000000000000e+03
8.140000000000000000e+02
5.145000000000000000e+02
5.015000000000000000e+02
4.960000000000000000e+02
4.980000000000000000e+02
5.005000000000000000e+02
4.785000000000000000e+02
4.845000000000000000e+02
4.955000000000000000e+02
4.945000000000000000e+02
4.985000000000000000e+02
4.815000000000000000e+02
5.160000000000000000e+02
5.225000000000000000e+02
5.095000000000000000e+02
5.165000000000000000e+02
5.525000000000000000e+02
6.670000000000000000e+02
1.449000000000000000e+03
7.982500000000000000e+03
1.622450000000000000e+04
1.688700000000000000e+04
1.296250000000000000e+04
1.878900000000000000e+04
2.192700000000000000e+04
2.283050000000000000e+04
1.955550000000000000e+04
1.343950000000000000e+04
1.594950000000000000e+04
1.621800000000000000e+04
1.035650000000000000e+04
3.272000000000000000e+03
4.565500000000000000e+03
1.195850000000000000e+04
1.453800000000000000e+04
1.218850000000000000e+04
1.058250000000000000e+04
1.514850000000000000e+04
1.625350000000000000e+04
1.456200000000000000e+04
1.010750000000000000e+04
6.780000000000000000e+03
8.371500000000000000e+03
7.144000000000000000e+03
2.929500000000000000e+03
7.260000000000000000e+02
5.665000000000000000e+02
5.365000000000000000e+02
5.295000000000000000e+02
5.160000000000000000e+02
5.230000000000000000e+02
5.310000000000000000e+02
5.115000000000000000e+02
5.300000000000000000e+02
5.165000000000000000e+02
5.265000000000000000e+02
5.210000000000000000e+02
5.265000000000000000e+02
5.325000000000000000e+02
5.360000000000000000e+02
5.635000000000000000e+02
5.610000000000000000e+02
5.835000000000000000e+02
6.715000000000000000e+02
1.401500000000000000e+03
7.057000000000000000e+03
1.516250000000000000e+04
1.604350000000000000e+04
1.212350000000000000e+04
1.679300000000000000e+04
2.087000000000000000e+04
2.156800000000000000e+04
1.912550000000000000e+04
1.291850000000000000e+04
1.469850000000000000e+04
1.516650000000000000e+04
1.032600000000000000e+04
3.223500000000000000e+03
3.815000000000000000e+03
1.045900000000000000e+04
1.362450000000000000e+04
1.170100000000000000e+04
9.753000000000000000e+03
1.415650000000000000e+04
1.514350000000000000e+04
1.361150000000000000e+04
9.512000000000000000e+03
6.370000000000000000e+03
7.821000000000000000e+03
6.959500000000000000e+03
3.164000000000000000e+03
7.795000000000000000e+02
5.585000000000000000e+02
5.600000000000000000e+02
5.535000000000000000e+02
5.510000000000000000e+02
5.340000000000000000e+02
5.500000000000000000e+02
5.265000000000000000e+02
5.290000000000000000e+02
5.330000000000000000e+02
5.450000000000000000e+02
5.175000000000000000e+02
5.325000000000000000e+02
5.375000000000000000e+02
5.265000000000000000e+02
5.420000000000000000e+02
5.500000000000000000e+02
5.750000000000000000e+02
5.625000000000000000e+02
6.315000000000000000e+02
8.665000000000000000e+02
3.409000000000000000e+03
1.190000000000000000e+04
1.535850000000000000e+04
1.390700000000000000e+04
1.346400000000000000e+04
1.929400000000000000e+04
2.049200000000000000e+04
2.020800000000000000e+04
1.535250000000000000e+04
1.282600000000000000e+04
1.482000000000000000e+04
1.292450000000000000e+04
5.896000000000000000e+03
2.670000000000000000e+03
6.826000000000000000e+03
1.259200000000000000e+04
1.265850000000000000e+04
9.688500000000000000e+03
1.164400000000000000e+04
1.440400000000000000e+04
1.415550000000000000e+04
1.181200000000000000e+04
7.349000000000000000e+03
7.063000000000000000e+03
7.484000000000000000e+03
5.223500000000000000e+03
1.471000000000000000e+03
6.165000000000000000e+02
5.710000000000000000e+02
5.865000000000000000e+02
5.775000000000000000e+02
5.500000000000000000e+02
5.675000000000000000e+02
5.505000000000000000e+02
5.420000000000000000e+02
5.440000000000000000e+02
5.670000000000000000e+02
5.610000000000000000e+02
5.420000000000000000e+02
5.670000000000000000e+02
5.585000000000000000e+02
5.705000000000000000e+02
5.700000000000000000e+02
6.015000000000000000e+02
5.750000000000000000e+02
6.015000000000000000e+02
6.325000000000000000e+02
6.855000000000000000e+02
1.034500000000000000e+03
4.511000000000000000e+03
1.414900000000000000e+04
1.778650000000000000e+04
1.445100000000000000e+04
1.554650000000000000e+04
2.162900000000000000e+04
2.253250000000000000e+04
2.222900000000000000e+04
1.675500000000000000e+04
1.440250000000000000e+04
1.679600000000000000e+04
1.348150000000000000e+04
5.848000000000000000e+03
3.077000000000000000e+03
8.661500000000000000e+03
1.430500000000000000e+04
1.386700000000000000e+04
1.067050000000000000e+04
1.356150000000000000e+04
1.675700000000000000e+04
1.559450000000000000e+04
1.245650000000000000e+04
7.972500000000000000e+03
8.102000000000000000e+03
8.240500000000000000e+03
5.183000000000000000e+03
1.424500000000000000e+03
6.565000000000000000e+02
6.080000000000000000e+02
6.220000000000000000e+02
6.090000000000000000e+02
5.875000000000000000e+02
5.860000000000000000e+02
5.975000000000000000e+02
5.880000000000000000e+02
5.865000000000000000e+02
5.720000000000000000e+02
5.665000000000000000e+02
5.660000000000000000e+02
5.965000000000000000e+02
5.705000000000000000e+02
6.180000000000000000e+02
5.875000000000000000e+02
6.200000000000000000e+02
6.185000000000000000e+02
6.080000000000000000e+02
6.090000000000000000e+02
6.500000000000000000e+02
6.630000000000000000e+02
8.395000000000000000e+02
2.403500000000000000e+03
1.093900000000000000e+04
1.755250000000000000e+04
1.686800000000000000e+04
1.371150000000000000e+04
2.072350000000000000e+04
2.266200000000000000e+04
2.393900000000000000e+04
1.971500000000000000e+04
1.398600000000000000e+04
1.685100000000000000e+04
1.607500000000000000e+04
9.474000000000000000e+03
3.258000000000000000e+03
5.737500000000000000e+03
1.312550000000000000e+04
1.493300000000000000e+04
1.246750000000000000e+04
1.175350000000000000e+04
1.620700000000000000e+04
1.697950000000000000e+04
1.472950000000000000e+04
1.001950000000000000e+04
7.284500000000000000e+03
9.083500000000000000e+03
7.234000000000000000e+03
2.822500000000000000e+03
7.660000000000000000e+02
6.115000000000000000e+02
6.230000000000000000e+02
6.255000000000000000e+02
6.005000000000000000e+02
5.880000000000000000e+02
6.150000000000000000e+02
5.830000000000000000e+02
6.050000000000000000e+02
5.940000000000000000e+02
5.690000000000000000e+02
5.980000000000000000e+02
6.115000000000000000e+02
5.735000000000000000e+02
5.845000000000000000e+02
5.960000000000000000e+02
6.070000000000000000e+02
6.090000000000000000e+02
6.105000000000000000e+02
6.100000000000000000e+02
6.230000000000000000e+02
6.235000000000000000e+02
6.395000000000000000e+02
6.955000000000000000e+02
9.030000000000000000e+02
2.698000000000000000e+03
1.123400000000000000e+04
1.783550000000000000e+04
1.671000000000000000e+04
1.350100000000000000e+04
2.093850000000000000e+04
2.339000000000000000e+04
2.438400000000000000e+04
1.966600000000000000e+04
1.423900000000000000e+04
1.709400000000000000e+04
1.581100000000000000e+04
9.011500000000000000e+03
3.102500000000000000e+03
6.122500000000000000e+03
1.303600000000000000e+04
1.483500000000000000e+04
1.204700000000000000e+04
1.184850000000000000e+04
1.625250000000000000e+04
1.704300000000000000e+04
1.447750000000000000e+04
9.789000000000000000e+03
7.573500000000000000e+03
8.940500000000000000e+03
6.856000000000000000e+03
2.726000000000000000e+03
7.725000000000000000e+02
6.240000000000000000e+02
6.285000000000000000e+02
6.085000000000000000e+02
6.060000000000000000e+02
6.200000000000000000e+02
5.925000000000000000e+02
5.980000000000000000e+02
6.030000000000000000e+02
6.015000000000000000e+02
5.885000000000000000e+02
5.875000000000000000e+02
5.880000000000000000e+02
5.820000000000000000e+02
5.850000000000000000e+02
5.720000000000000000e+02
5.935000000000000000e+02
5.825000000000000000e+02
5.990000000000000000e+02
5.930000000000000000e+02
5.850000000000000000e+02
5.945000000000000000e+02
6.235000000000000000e+02
6.155000000000000000e+02
6.315000000000000000e+02
7.065000000000000000e+02
1.176500000000000000e+03
5.369000000000000000e+03
1.449300000000000000e+04
1.658300000000000000e+04
1.399300000000000000e+04
1.558650000000000000e+04
2.050900000000000000e+04
2.161550000000000000e+04
2.075750000000000000e+04
1.499750000000000000e+04
1.361750000000000000e+04
1.617650000000000000e+04
1.238550000000000000e+04
5.006000000000000000e+03
3.328000000000000000e+03
8.962000000000000000e+03
1.333800000000000000e+04
1.329350000000000000e+04
1.030900000000000000e+04
1.343700000000000000e+04
1.597450000000000000e+04
1.514800000000000000e+04
1.145300000000000000e+04
7.319500000000000000e+03
7.902500000000000000e+03
7.722000000000000000e+03
4.982500000000000000e+03
1.333000000000000000e+03
6.245000000000000000e+02
5.875000000000000000e+02
5.635000000000000000e+02
5.825000000000000000e+02
5.910000000000000000e+02
5.660000000000000000e+02
5.755000000000000000e+02
5.690000000000000000e+02
5.755000000000000000e+02
5.670000000000000000e+02
5.460000000000000000e+02
5.470000000000000000e+02
5.440000000000000000e+02
5.470000000000000000e+02
5.530000000000000000e+02
5.555000000000000000e+02
5.510000000000000000e+02
5.475000000000000000e+02
5.615000000000000000e+02
5.560000000000000000e+02
5.660000000000000000e+02
5.720000000000000000e+02
5.705000000000000000e+02
5.805000000000000000e+02
5.985000000000000000e+02
6.045000000000000000e+02
6.495000000000000000e+02
9.390000000000000000e+02
3.598000000000000000e+03
1.194300000000000000e+04
1.536800000000000000e+04
1.360850000000000000e+04
1.269600000000000000e+04
1.927600000000000000e+04
2.047200000000000000e+04
1.967300000000000000e+04
1.500900000000000000e+04
1.245850000000000000e+04
1.458000000000000000e+04
1.311200000000000000e+04
6.251500000000000000e+03
2.870000000000000000e+03
6.689000000000000000e+03
1.188800000000000000e+04
1.250650000000000000e+04
1.012500000000000000e+04
1.126450000000000000e+04
1.432600000000000000e+04
1.414100000000000000e+04
1.150600000000000000e+04
7.715500000000000000e+03
6.813500000000000000e+03
7.603500000000000000e+03
5.378000000000000000e+03
1.820500000000000000e+03
6.540000000000000000e+02
5.675000000000000000e+02
5.560000000000000000e+02
5.595000000000000000e+02
5.490000000000000000e+02
5.485000000000000000e+02
5.520000000000000000e+02
5.640000000000000000e+02
5.410000000000000000e+02
5.655000000000000000e+02
5.330000000000000000e+02
5.435000000000000000e+02
5.240000000000000000e+02
5.370000000000000000e+02
5.505000000000000000e+02
5.260000000000000000e+02
5.165000000000000000e+02
5.320000000000000000e+02
5.195000000000000000e+02
5.460000000000000000e+02
5.600000000000000000e+02
5.285000000000000000e+02
5.505000000000000000e+02
5.385000000000000000e+02
5.675000000000000000e+02
5.645000000000000000e+02
5.825000000000000000e+02
5.730000000000000000e+02
6.320000000000000000e+02
9.630000000000000000e+02
3.913500000000000000e+03
1.192300000000000000e+04
1.516300000000000000e+04
1.272750000000000000e+04
1.290550000000000000e+04
1.872750000000000000e+04
2.015750000000000000e+04
1.904600000000000000e+04
1.470450000000000000e+04
1.247400000000000000e+04
1.432300000000000000e+04
1.235750000000000000e+04
5.765000000000000000e+03
2.767000000000000000e+03
6.672000000000000000e+03
1.180000000000000000e+04
1.223250000000000000e+04
9.662500000000000000e+03
1.078200000000000000e+04
1.425500000000000000e+04
1.358200000000000000e+04
1.076250000000000000e+04
7.326500000000000000e+03
6.624000000000000000e+03
7.075000000000000000e+03
5.143500000000000000e+03
1.658500000000000000e+03
5.960000000000000000e+02
5.390000000000000000e+02
5.360000000000000000e+02
5.250000000000000000e+02
5.205000000000000000e+02
5.260000000000000000e+02
5.145000000000000000e+02
5.120000000000000000e+02
4.950000000000000000e+02
5.015000000000000000e+02
5.240000000000000000e+02
5.160000000000000000e+02
4.985000000000000000e+02
5.130000000000000000e+02
5.145000000000000000e+02
4.950000000000000000e+02
4.960000000000000000e+02
4.945000000000000000e+02
4.915000000000000000e+02
4.930000000000000000e+02
5.170000000000000000e+02
5.035000000000000000e+02
5.090000000000000000e+02
5.110000000000000000e+02
5.100000000000000000e+02
5.050000000000000000e+02
5.140000000000000000e+02
5.080000000000000000e+02
5.370000000000000000e+02
5.425000000000000000e+02
6.385000000000000000e+02
1.198000000000000000e+03
5.425000000000000000e+03
1.218350000000000000e+04
1.386700000000000000e+04
1.069550000000000000e+04
1.373350000000000000e+04
1.728350000000000000e+04
1.824650000000000000e+04
1.665700000000000000e+04
1.192800000000000000e+04
1.188500000000000000e+04
1.332800000000000000e+04
1.005900000000000000e+04
3.836000000000000000e+03
2.978000000000000000e+03
7.713000000000000000e+03
1.123800000000000000e+04
1.061050000000000000e+04
8.481000000000000000e+03
1.082400000000000000e+04
1.256850000000000000e+04
1.212650000000000000e+04
9.576000000000000000e+03
6.143500000000000000e+03
6.361000000000000000e+03
6.212000000000000000e+03
3.877500000000000000e+03
1.074000000000000000e+03
5.255000000000000000e+02
4.975000000000000000e+02
4.980000000000000000e+02
4.940000000000000000e+02
4.820000000000000000e+02
4.765000000000000000e+02
4.725000000000000000e+02
4.880000000000000000e+02
4.965000000000000000e+02
4.585000000000000000e+02
4.715000000000000000e+02
4.600000000000000000e+02
4.750000000000000000e+02
4.625000000000000000e+02
4.530000000000000000e+02
4.630000000000000000e+02
4.410000000000000000e+02
4.560000000000000000e+02
4.475000000000000000e+02
4.480000000000000000e+02
4.590000000000000000e+02
4.570000000000000000e+02
4.540000000000000000e+02
4.615000000000000000e+02
4.440000000000000000e+02
4.745000000000000000e+02
4.490000000000000000e+02
4.550000000000000000e+02
4.730000000000000000e+02
4.785000000000000000e+02
4.750000000000000000e+02
5.255000000000000000e+02
6.425000000000000000e+02
1.963000000000000000e+03
7.708500000000000000e+03
1.166800000000000000e+04
1.094750000000000000e+04
9.663500000000000000e+03
1.353150000000000000e+04
1.553000000000000000e+04
1.553900000000000000e+04
1.316350000000000000e+04
9.188000000000000000e+03
1.089900000000000000e+04
1.068150000000000000e+04
6.321500000000000000e+03
2.257500000000000000e+03
3.835000000000000000e+03
8.365500000000000000e+03
9.728000000000000000e+03
8.004000000000000000e+03
7.653500000000000000e+03
1.038100000000000000e+04
1.086050000000000000e+04
9.321000000000000000e+03
6.782000000000000000e+03
4.718500000000000000e+03
5.662500000000000000e+03
4.778500000000000000e+03
2.171000000000000000e+03
5.955000000000000000e+02
4.500000000000000000e+02
4.460000000000000000e+02
4.235000000000000000e+02
4.130000000000000000e+02
4.330000000000000000e+02
4.155000000000000000e+02
4.005000000000000000e+02
4.130000000000000000e+02
4.080000000000000000e+02
4.140000000000000000e+02
4.115000000000000000e+02
4.080000000000000000e+02
4.145000000000000000e+02
4.010000000000000000e+02
3.910000000000000000e+02
3.775000000000000000e+02
3.955000000000000000e+02
3.900000000000000000e+02
3.775000000000000000e+02
3.990000000000000000e+02
3.770000000000000000e+02
3.790000000000000000e+02
3.880000000000000000e+02
3.690000000000000000e+02
3.725000000000000000e+02
3.960000000000000000e+02
3.985000000000000000e+02
3.785000000000000000e+02
3.870000000000000000e+02
3.790000000000000000e+02
4.005000000000000000e+02
4.075000000000000000e+02
4.195000000000000000e+02
4.580000000000000000e+02
8.100000000000000000e+02
3.438000000000000000e+03
8.661000000000000000e+03
9.417000000000000000e+03
7.931000000000000000e+03
9.121500000000000000e+03
1.202200000000000000e+04
1.238400000000000000e+04
1.182600000000000000e+04
8.563500000000000000e+03
7.857000000000000000e+03
9.247500000000000000e+03
7.156000000000000000e+03
2.997500000000000000e+03
1.955000000000000000e+03
4.912500000000000000e+03
7.539000000000000000e+03
7.345000000000000000e+03
5.991000000000000000e+03
7.185000000000000000e+03
8.686000000000000000e+03
8.460500000000000000e+03
6.430500000000000000e+03
4.387000000000000000e+03
4.191000000000000000e+03
4.374000000000000000e+03
2.929000000000000000e+03
9.245000000000000000e+02
3.780000000000000000e+02
3.530000000000000000e+02
3.555000000000000000e+02
3.565000000000000000e+02
3.470000000000000000e+02
3.345000000000000000e+02
3.400000000000000000e+02
3.480000000000000000e+02
3.330000000000000000e+02
3.285000000000000000e+02
3.385000000000000000e+02
3.230000000000000000e+02
3.325000000000000000e+02
3.255000000000000000e+02
3.310000000000000000e+02
3.300000000000000000e+02
3.100000000000000000e+02
3.065000000000000000e+02
3.120000000000000000e+02
3.145000000000000000e+02
3.100000000000000000e+02
3.110000000000000000e+02
3.200000000000000000e+02
3.180000000000000000e+02
3.225000000000000000e+02
3.075000000000000000e+02
3.185000000000000000e+02
3.220000000000000000e+02
3.050000000000000000e+02
3.220000000000000000e+02
3.115000000000000000e+02
3.250000000000000000e+02
3.325000000000000000e+02
3.275000000000000000e+02
3.275000000000000000e+02
3.540000000000000000e+02
4.525000000000000000e+02
1.167500000000000000e+03
4.611500000000000000e+03
7.130500000000000000e+03
6.792000000000000000e+03
5.669000000000000000e+03
8.477000000000000000e+03
9.556000000000000000e+03
9.589000000000000000e+03
8.022000000000000000e+03
5.794000000000000000e+03
6.621000000000000000e+03
6.573000000000000000e+03
4.032500000000000000e+03
1.532500000000000000e+03
2.227000000000000000e+03
4.982500000000000000e+03
5.859000000000000000e+03
5.062000000000000000e+03
4.528000000000000000e+03
6.387500000000000000e+03
6.525000000000000000e+03
5.779500000000000000e+03
4.422500000000000000e+03
2.976500000000000000e+03
3.322500000000000000e+03
2.980500000000000000e+03
1.488500000000000000e+03
4.085000000000000000e+02
2.970000000000000000e+02
2.900000000000000000e+02
2.855000000000000000e+02
2.745000000000000000e+02
2.840000000000000000e+02
2.760000000000000000e+02
2.680000000000000000e+02
2.660000000000000000e+02
2.665000000000000000e+02
2.680000000000000000e+02
2.690000000000000000e+02
2.640000000000000000e+02
2.540000000000000000e+02
2.670000000000000000e+02
2.495000000000000000e+02
2.540000000000000000e+02
2.645000000000000000e+02
2.490000000000000000e+02
2.510000000000000000e+02
2.530000000000000000e+02
2.500000000000000000e+02
2.440000000000000000e+02
2.465000000000000000e+02
2.485000000000000000e+02
2.445000000000000000e+02
2.410000000000000000e+02
2.490000000000000000e+02
2.460000000000000000e+02
2.475000000000000000e+02
2.575000000000000000e+02
2.445000000000000000e+02
2.530000000000000000e+02
2.495000000000000000e+02
2.550000000000000000e+02
2.475000000000000000e+02
2.555000000000000000e+02
2.655000000000000000e+02
2.795000000000000000e+02
4.655000000000000000e+02
1.660500000000000000e+03
4.420000000000000000e+03
5.145500000000000000e+03
4.502000000000000000e+03
4.689000000000000000e+03
6.411000000000000000e+03
7.088000000000000000e+03
6.740500000000000000e+03
4.955500000000000000e+03
4.347000000000000000e+03
5.066500000000000000e+03
4.180500000000000000e+03
1.929500000000000000e+03
1.102500000000000000e+03
2.376000000000000000e+03
4.037500000000000000e+03
4.059000000000000000e+03
3.317500000000000000e+03
3.718500000000000000e+03
4.687000000000000000e+03
4.532500000000000000e+03
3.863500000000000000e+03
2.649000000000000000e+03
2.303500000000000000e+03
2.519500000000000000e+03
1.899000000000000000e+03
6.825000000000000000e+02
2.565000000000000000e+02
2.310000000000000000e+02
2.150000000000000000e+02
2.075000000000000000e+02
2.150000000000000000e+02
2.230000000000000000e+02
2.040000000000000000e+02
2.045000000000000000e+02
2.065000000000000000e+02
1.970000000000000000e+02
2.005000000000000000e+02
2.065000000000000000e+02
1.945000000000000000e+02
1.965000000000000000e+02
2.050000000000000000e+02
1.995000000000000000e+02
1.845000000000000000e+02
1.995000000000000000e+02
1.980000000000000000e+02
1.885000000000000000e+02
1.900000000000000000e+02
1.950000000000000000e+02
1.900000000000000000e+02
1.830000000000000000e+02
1.830000000000000000e+02
1.915000000000000000e+02
1.875000000000000000e+02
1.920000000000000000e+02
1.905000000000000000e+02
1.925000000000000000e+02
1.860000000000000000e+02
1.860000000000000000e+02
1.875000000000000000e+02
1.840000000000000000e+02
1.875000000000000000e+02
1.850000000000000000e+02
1.830000000000000000e+02
1.795000000000000000e+02
1.960000000000000000e+02
2.065000000000000000e+02
2.300000000000000000e+02
4.325000000000000000e+02
1.605000000000000000e+03
3.396500000000000000e+03
3.663500000000000000e+03
3.092500000000000000e+03
3.676500000000000000e+03
4.777500000000000000e+03
4.933000000000000000e+03
4.595000000000000000e+03
3.360000000000000000e+03
3.274000000000000000e+03
3.542500000000000000e+03
2.718000000000000000e+03
1.132000000000000000e+03
9.240000000000000000e+02
1.961000000000000000e+03
2.962500000000000000e+03
2.824000000000000000e+03
2.422500000000000000e+03
2.919000000000000000e+03
3.503500000000000000e+03
3.168000000000000000e+03
2.538000000000000000e+03
1.746500000000000000e+03
1.680000000000000000e+03
1.725000000000000000e+03
1.147500000000000000e+03
3.785000000000000000e+02
1.840000000000000000e+02
1.720000000000000000e+02
1.645000000000000000e+02
1.685000000000000000e+02
1.520000000000000000e+02
1.630000000000000000e+02
1.655000000000000000e+02
1.545000000000000000e+02
1.500000000000000000e+02
1.505000000000000000e+02
1.545000000000000000e+02
1.560000000000000000e+02
1.500000000000000000e+02
1.525000000000000000e+02
1.450000000000000000e+02
1.465000000000000000e+02
1.495000000000000000e+02
1.410000000000000000e+02
1.375000000000000000e+02
1.365000000000000000e+02
1.435000000000000000e+02
1.325000000000000000e+02
1.395000000000000000e+02
1.365000000000000000e+02
1.350000000000000000e+02
1.370000000000000000e+02
1.385000000000000000e+02
1.330000000000000000e+02
1.365000000000000000e+02
1.350000000000000000e+02
1.335000000000000000e+02
1.295000000000000000e+02
1.350000000000000000e+02
1.365000000000000000e+02
1.380000000000000000e+02
1.365000000000000000e+02
1.380000000000000000e+02
1.380000000000000000e+02
1.310000000000000000e+02
1.340000000000000000e+02
1.350000000000000000e+02
1.350000000000000000e+02
1.660000000000000000e+02
3.010000000000000000e+02
1.017500000000000000e+03
2.186500000000000000e+03
2.364000000000000000e+03
1.909000000000000000e+03
2.269000000000000000e+03
3.006000000000000000e+03
3.271500000000000000e+03
2.970000000000000000e+03
2.143500000000000000e+03
2.059500000000000000e+03
2.362500000000000000e+03
1.797500000000000000e+03
7.735000000000000000e+02
5.835000000000000000e+02
1.248000000000000000e+03
1.895000000000000000e+03
1.813500000000000000e+03
1.503500000000000000e+03
1.860000000000000000e+03
2.228000000000000000e+03
2.098500000000000000e+03
1.707000000000000000e+03
1.217500000000000000e+03
1.090000000000000000e+03
1.113500000000000000e+03
7.915000000000000000e+02
2.720000000000000000e+02
1.240000000000000000e+02
1.270000000000000000e+02
1.150000000000000000e+02
1.145000000000000000e+02
1.045000000000000000e+02
1.140000000000000000e+02
1.100000000000000000e+02
1.130000000000000000e+02
1.050000000000000000e+02
1.080000000000000000e+02
1.060000000000000000e+02
1.080000000000000000e+02
9.800000000000000000e+01
9.900000000000000000e+01
1.045000000000000000e+02
1.030000000000000000e+02
1.040000000000000000e+02
1.005000000000000000e+02
1.020000000000000000e+02
1.005000000000000000e+02
9.450000000000000000e+01
9.750000000000000000e+01
1.055000000000000000e+02
9.700000000000000000e+01
9.700000000000000000e+01
9.350000000000000000e+01
9.650000000000000000e+01
9.400000000000000000e+01
9.250000000000000000e+01
9.750000000000000000e+01
1.000000000000000000e+02
9.400000000000000000e+01
8.650000000000000000e+01
9.300000000000000000e+01
9.850000000000000000e+01
8.900000000000000000e+01
8.900000000000000000e+01
9.150000000000000000e+01
9.850000000000000000e+01
8.800000000000000000e+01
9.600000000000000000e+01
8.900000000000000000e+01
9.250000000000000000e+01
9.450000000000000000e+01
1.000000000000000000e+02
1.410000000000000000e+02
3.720000000000000000e+02
1.018500000000000000e+03
1.417500000000000000e+03
1.276500000000000000e+03
1.192000000000000000e+03
1.619000000000000000e+03
1.846000000000000000e+03
1.852500000000000000e+03
1.473500000000000000e+03
1.182500000000000000e+03
1.351000000000000000e+03
1.232500000000000000e+03
7.165000000000000000e+02
3.380000000000000000e+02
5.335000000000000000e+02
1.011000000000000000e+03
1.116500000000000000e+03
1.012000000000000000e+03
9.810000000000000000e+02
1.265000000000000000e+03
1.302500000000000000e+03
1.109000000000000000e+03
8.700000000000000000e+02
6.590000000000000000e+02
7.160000000000000000e+02
6.090000000000000000e+02
2.970000000000000000e+02
1.140000000000000000e+02
8.450000000000000000e+01
7.700000000000000000e+01
8.200000000000000000e+01
7.900000000000000000e+01
7.400000000000000000e+01
7.950000000000000000e+01
7.400000000000000000e+01
7.550000000000000000e+01
7.700000000000000000e+01
7.250000000000000000e+01
7.150000000000000000e+01
6.900000000000000000e+01
7.350000000000000000e+01
7.150000000000000000e+01
7.200000000000000000e+01
7.350000000000000000e+01
6.850000000000000000e+01
7.350000000000000000e+01
6.400000000000000000e+01
6.800000000000000000e+01
6.450000000000000000e+01
6.200000000000000000e+01
6.900000000000000000e+01
6.900000000000000000e+01
6.050000000000000000e+01
6.700000000000000000e+01
6.300000000000000000e+01
6.550000000000000000e+01
6.300000000000000000e+01
6.600000000000000000e+01
6.500000000000000000e+01
5.700000000000000000e+01
5.700000000000000000e+01
6.250000000000000000e+01
6.300000000000000000e+01
5.800000000000000000e+01
6.000000000000000000e+01
6.200000000000000000e+01
6.400000000000000000e+01
6.050000000000000000e+01
6.500000000000000000e+01
6.200000000000000000e+01
5.600000000000000000e+01
6.100000000000000000e+01
6.050000000000000000e+01
6.150000000000000000e+01
6.400000000000000000e+01
8.400000000000000000e+01
2.265000000000000000e+02
5.430000000000000000e+02
7.140000000000000000e+02
6.280000000000000000e+02
6.130000000000000000e+02
8.380000000000000000e+02
9.270000000000000000e+02
8.960000000000000000e+02
7.380000000000000000e+02
5.820000000000000000e+02
6.805000000000000000e+02
6.105000000000000000e+02
3.545000000000000000e+02
1.920000000000000000e+02
2.855000000000000000e+02
5.175000000000000000e+02
5.530000000000000000e+02
5.020000000000000000e+02
5.300000000000000000e+02
6.530000000000000000e+02
6.560000000000000000e+02
5.480000000000000000e+02
4.140000000000000000e+02
3.320000000000000000e+02
3.545000000000000000e+02
2.865000000000000000e+02
1.540000000000000000e+02
6.400000000000000000e+01
4.950000000000000000e+01
5.300000000000000000e+01
5.150000000000000000e+01
5.150000000000000000e+01
4.900000000000000000e+01
5.400000000000000000e+01
5.400000000000000000e+01
4.700000000000000000e+01
4.800000000000000000e+01
4.750000000000000000e+01
4.850000000000000000e+01
4.400000000000000000e+01
4.800000000000000000e+01
4.650000000000000000e+01
4.850000000000000000e+01
4.200000000000000000e+01
4.650000000000000000e+01
5.000000000000000000e+01
4.700000000000000000e+01
4.400000000000000000e+01
4.400000000000000000e+01
4.100000000000000000e+01
3.600000000000000000e+01
4.400000000000000000e+01
3.850000000000000000e+01
3.800000000000000000e+01
4.550000000000000000e+01
4.300000000000000000e+01
4.600000000000000000e+01
4.000000000000000000e+01
4.050000000000000000e+01
4.500000000000000000e+01
4.000000000000000000e+01
4.000000000000000000e+01
4.200000000000000000e+01
4.000000000000000000e+01
3.750000000000000000e+01
3.650000000000000000e+01
4.300000000000000000e+01
3.950000000000000000e+01
4.100000000000000000e+01
3.950000000000000000e+01
4.000000000000000000e+01
3.950000000000000000e+01
4.300000000000000000e+01
4.100000000000000000e+01
3.750000000000000000e+01
3.800000000000000000e+01
4.150000000000000000e+01
4.400000000000000000e+01
7.300000000000000000e+01
1.530000000000000000e+02
2.670000000000000000e+02
2.940000000000000000e+02
2.490000000000000000e+02
2.950000000000000000e+02
3.545000000000000000e+02
3.600000000000000000e+02
3.245000000000000000e+02
2.575000000000000000e+02
2.450000000000000000e+02
2.725000000000000000e+02
2.070000000000000000e+02
1.085000000000000000e+02
1.015000000000000000e+02
1.630000000000000000e+02
2.350000000000000000e+02
2.235000000000000000e+02
1.940000000000000000e+02
2.485000000000000000e+02
2.620000000000000000e+02
2.545000000000000000e+02
1.960000000000000000e+02
1.645000000000000000e+02
1.500000000000000000e+02
1.560000000000000000e+02
1.000000000000000000e+02
6.300000000000000000e+01
3.150000000000000000e+01
3.350000000000000000e+01
3.200000000000000000e+01
3.550000000000000000e+01
3.150000000000000000e+01
3.500000000000000000e+01
3.200000000000000000e+01
3.000000000000000000e+01
3.200000000000000000e+01
2.900000000000000000e+01
3.500000000000000000e+01
3.000000000000000000e+01
3.000000000000000000e+01
2.900000000000000000e+01
3.000000000000000000e+01
3.100000000000000000e+01
3.100000000000000000e+01
3.150000000000000000e+01
2.850000000000000000e+01
2.900000000000000000e+01
3.250000000000000000e+01
2.700000000000000000e+01
2.800000000000000000e+01
3.100000000000000000e+01
2.800000000000000000e+01
2.800000000000000000e+01
2.950000000000000000e+01
2.750000000000000000e+01
2.500000000000000000e+01
3.050000000000000000e+01
2.800000000000000000e+01
2.900000000000000000e+01
2.700000000000000000e+01
2.250000000000000000e+01
3.000000000000000000e+01
2.800000000000000000e+01
2.950000000000000000e+01
2.800000000000000000e+01
2.850000000000000000e+01
2.900000000000000000e+01
2.650000000000000000e+01
2.450000000000000000e+01
2.700000000000000000e+01
2.500000000000000000e+01
2.550000000000000000e+01
3.150000000000000000e+01
2.400000000000000000e+01
2.550000000000000000e+01
2.500000000000000000e+01
2.600000000000000000e+01
2.450000000000000000e+01
2.800000000000000000e+01
3.150000000000000000e+01
3.350000000000000000e+01
5.450000000000000000e+01
8.100000000000000000e+01
9.350000000000000000e+01
8.000000000000000000e+01
9.100000000000000000e+01
1.075000000000000000e+02
1.170000000000000000e+02
1.130000000000000000e+02
1.000000000000000000e+02
9.100000000000000000e+01
9.150000000000000000e+01
8.400000000000000000e+01
5.250000000000000000e+01
3.900000000000000000e+01
5.150000000000000000e+01
8.150000000000000000e+01
8.700000000000000000e+01
7.450000000000000000e+01
8.050000000000000000e+01
9.700000000000000000e+01
8.950000000000000000e+01
8.550000000000000000e+01
6.600000000000000000e+01
5.700000000000000000e+01
5.600000000000000000e+01
5.450000000000000000e+01
3.100000000000000000e+01
2.800000000000000000e+01
2.050000000000000000e+01
2.250000000000000000e+01
2.400000000000000000e+01
2.550000000000000000e+01
2.200000000000000000e+01
2.350000000000000000e+01
2.150000000000000000e+01
1.900000000000000000e+01
1.950000000000000000e+01
2.400000000000000000e+01
2.200000000000000000e+01
2.400000000000000000e+01
2.000000000000000000e+01
2.500000000000000000e+01
2.350000000000000000e+01
2.200000000000000000e+01
2.300000000000000000e+01
2.200000000000000000e+01
1.750000000000000000e+01
2.100000000000000000e+01
2.900000000000000000e+01
2.100000000000000000e+01
2.200000000000000000e+01
1.900000000000000000e+01
2.300000000000000000e+01
2.250000000000000000e+01
2.500000000000000000e+01
2.500000000000000000e+01
2.350000000000000000e+01
2.250000000000000000e+01
1.750000000000000000e+01
1.850000000000000000e+01
2.300000000000000000e+01
2.200000000000000000e+01
2.350000000000000000e+01
2.200000000000000000e+01
1.950000000000000000e+01
2.000000000000000000e+01
2.150000000000000000e+01
2.100000000000000000e+01
2.450000000000000000e+01
2.200000000000000000e+01
2.350000000000000000e+01
2.000000000000000000e+01
2.250000000000000000e+01
1.900000000000000000e+01
1.300000000000000000e+01
1.850000000000000000e+01
2.250000000000000000e+01
1.750000000000000000e+01
2.150000000000000000e+01
2.250000000000000000e+01
1.500000000000000000e+01
2.100000000000000000e+01
1.900000000000000000e+01
2.000000000000000000e+01
2.450000000000000000e+01
3.100000000000000000e+01
4.000000000000000000e+01
3.700000000000000000e+01
3.950000000000000000e+01
4.200000000000000000e+01
4.300000000000000000e+01
4.700000000000000000e+01
3.700000000000000000e+01
3.900000000000000000e+01
3.350000000000000000e+01
3.300000000000000000e+01
2.450000000000000000e+01
2.800000000000000000e+01
2.400000000000000000e+01
3.300000000000000000e+01
3.700000000000000000e+01
3.100000000000000000e+01
3.100000000000000000e+01
4.100000000000000000e+01
3.650000000000000000e+01
3.700000000000000000e+01
3.150000000000000000e+01
3.100000000000000000e+01
2.850000000000000000e+01
2.850000000000000000e+01
2.000000000000000000e+01
2.000000000000000000e+01
2.050000000000000000e+01
1.900000000000000000e+01
1.850000000000000000e+01
1.700000000000000000e+01
1.900000000000000000e+01
1.850000000000000000e+01
2.300000000000000000e+01
2.000000000000000000e+01
1.700000000000000000e+01
1.750000000000000000e+01
1.450000000000000000e+01
1.900000000000000000e+01
1.800000000000000000e+01
1.900000000000000000e+01
1.750000000000000000e+01
1.500000000000000000e+01
1.150000000000000000e+01
1.300000000000000000e+01
2.050000000000000000e+01
1.550000000000000000e+01
1.600000000000000000e+01
1.850000000000000000e+01
1.900000000000000000e+01
1.950000000000000000e+01
1.600000000000000000e+01
2.400000000000000000e+01
1.750000000000000000e+01
