-2.000000000000000000e+00
-2.000000000000000000e+00
1.500000000000000000e+00
-2.000000000000000000e+00
1.000000000000000000e+00
-2.000000000000000000e+00
2.000000000000000000e+00
-5.000000000000000000e-01
1.630000000000000000e+02
1.740000000000000000e+02
1.855000000000000000e+02
1.885000000000000000e+02
1.780000000000000000e+02
1.945000000000000000e+02
1.975000000000000000e+02
2.015000000000000000e+02
1.900000000000000000e+02
1.885000000000000000e+02
2.025000000000000000e+02
1.980000000000000000e+02
2.030000000000000000e+02
2.120000000000000000e+02
2.340000000000000000e+02
3.175000000000000000e+02
4.395000000000000000e+02
4.515000000000000000e+02
3.555000000000000000e+02
4.115000000000000000e+02
4.765000000000000000e+02
4.800000000000000000e+02
4.670000000000000000e+02
4.445000000000000000e+02
5.140000000000000000e+02
5.470000000000000000e+02
5.445000000000000000e+02
5.310000000000000000e+02
5.675000000000000000e+02
5.725000000000000000e+02
5.730000000000000000e+02
5.340000000000000000e+02
5.440000000000000000e+02
5.830000000000000000e+02
5.950000000000000000e+02
5.285000000000000000e+02
4.775000000000000000e+02
5.280000000000000000e+02
5.205000000000000000e+02
4.670000000000000000e+02
3.935000000000000000e+02
3.750000000000000000e+02
3.840000000000000000e+02
4.030000000000000000e+02
4.355000000000000000e+02
5.235000000000000000e+02
1.170000000000000000e+03
2.408000000000000000e+03
2.437000000000000000e+03
1.574500000000000000e+03
2.028500000000000000e+03
2.695000000000000000e+03
2.701500000000000000e+03
2.384500000000000000e+03
2.275500000000000000e+03
2.675000000000000000e+03
2.799500000000000000e+03
2.787500000000000000e+03
2.534500000000000000e+03
2.747500000000000000e+03
2.798000000000000000e+03
2.559000000000000000e+03
2.204000000000000000e+03
2.312000000000000000e+03
2.583000000000000000e+03
2.580000000000000000e+03
2.150000000000000000e+03
1.665500000000000000e+03
2.067500000000000000e+03
2.114000000000000000e+03
1.535000000000000000e+03
7.940000000000000000e+02
6.455000000000000000e+02
6.385000000000000000e+02
6.760000000000000000e+02
7.965000000000000000e+02
1.621500000000000000e+03
6.296500000000000000e+03
1.082100000000000000e+04
9.204500000000000000e+03
5.183000000000000000e+03
9.746500000000000000e+03
1.185750000000000000e+04
1.145500000000000000e+04
9.129000000000000000e+03
9.992000000000000000e+03
1.157000000000000000e+04
1.194450000000000000e+04
1.103200000000000000e+04
9.747500000000000000e+03
1.114750000000000000e+04
1.113300000000000000e+04
1.021850000000000000e+04
8.659000000000000000e+03
9.836000000000000000e+03
1.119550000000000000e+04
1.021200000000000000e+04
6.728500000000000000e+03
6.365000000000000000e+03
8.885500000000000000e+03
8.466500000000000000e+03
4.119000000000000000e+03
1.029000000000000000e+03
7.495000000000000000e+02
7.060000000000000000e+02
7.240000000000000000e+02
9.560000000000000000e+02
3.958500000000000000e+03
1.419150000000000000e+04
1.697500000000000000e+04
1.058600000000000000e+04
8.743000000000000000e+03
1.774550000000000000e+04
1.885050000000000000e+04
1.767600000000000000e+04
1.406050000000000000e+04
1.867500000000000000e+04
1.977600000000000000e+04
1.972100000000000000e+04
1.739350000000000000e+04
1.756600000000000000e+04
1.938150000000000000e+04
1.907000000000000000e+04
1.661150000000000000e+04
1.458700000000000000e+04
1.913850000000000000e+04
1.988500000000000000e+04
1.714200000000000000e+04
9.104500000000000000e+03
1.462500000000000000e+04
1.727650000000000000e+04
1.340950000000000000e+04
3.423500000000000000e+03
7.875000000000000000e+02
6.570000000000000000e+02
6.015000000000000000e+02
6.220000000000000000e+02
1.358000000000000000e+03
9.593500000000000000e+03
2.278300000000000000e+04
2.210150000000000000e+04
1.089050000000000000e+04
1.599850000000000000e+04
2.435150000000000000e+04
2.390200000000000000e+04
1.927250000000000000e+04
1.820450000000000000e+04
2.388800000000000000e+04
2.493850000000000000e+04
2.431600000000000000e+04
2.083300000000000000e+04
2.321300000000000000e+04
2.433050000000000000e+04
2.261900000000000000e+04
1.852500000000000000e+04
1.928500000000000000e+04
2.424800000000000000e+04
2.410100000000000000e+04
1.809300000000000000e+04
1.177650000000000000e+04
1.846550000000000000e+04
1.906100000000000000e+04
1.199800000000000000e+04
1.873500000000000000e+03
6.490000000000000000e+02
5.870000000000000000e+02
5.600000000000000000e+02
5.705000000000000000e+02
1.213000000000000000e+03
9.289000000000000000e+03
2.151700000000000000e+04
2.001900000000000000e+04
9.292000000000000000e+03
1.591850000000000000e+04
2.360350000000000000e+04
2.352250000000000000e+04
1.899550000000000000e+04
1.819550000000000000e+04
2.331350000000000000e+04
2.408450000000000000e+04
2.376350000000000000e+04
1.999300000000000000e+04
2.380500000000000000e+04
2.471000000000000000e+04
2.313850000000000000e+04
1.863150000000000000e+04
1.964300000000000000e+04
2.476950000000000000e+04
2.426350000000000000e+04
1.760300000000000000e+04
1.125350000000000000e+04
1.863150000000000000e+04
1.937950000000000000e+04
1.151150000000000000e+04
1.442500000000000000e+03
5.715000000000000000e+02
5.145000000000000000e+02
5.020000000000000000e+02
5.085000000000000000e+02
6.830000000000000000e+02
4.209500000000000000e+03
1.646200000000000000e+04
1.897250000000000000e+04
1.129050000000000000e+04
9.079000000000000000e+03
1.986300000000000000e+04
2.022550000000000000e+04
1.784800000000000000e+04
1.385200000000000000e+04
1.937900000000000000e+04
2.056100000000000000e+04
2.038400000000000000e+04
1.799950000000000000e+04
1.918350000000000000e+04
2.093450000000000000e+04
2.040150000000000000e+04
1.720650000000000000e+04
1.451700000000000000e+04
1.997450000000000000e+04
2.075000000000000000e+04
1.753250000000000000e+04
8.817500000000000000e+03
1.416750000000000000e+04
1.694900000000000000e+04
1.328950000000000000e+04
3.120000000000000000e+03
5.605000000000000000e+02
4.750000000000000000e+02
4.620000000000000000e+02
4.620000000000000000e+02
4.745000000000000000e+02
6.755000000000000000e+02
4.860000000000000000e+03
1.506750000000000000e+04
1.561600000000000000e+04
8.243000000000000000e+03
9.005000000000000000e+03
1.689500000000000000e+04
1.695150000000000000e+04
1.438950000000000000e+04
1.190350000000000000e+04
1.628700000000000000e+04
1.728900000000000000e+04
1.678350000000000000e+04
1.436100000000000000e+04
1.591600000000000000e+04
1.694150000000000000e+04
1.651400000000000000e+04
1.351800000000000000e+04
1.267950000000000000e+04
1.709750000000000000e+04
1.729100000000000000e+04
1.365750000000000000e+04
7.202000000000000000e+03
1.230750000000000000e+04
1.372650000000000000e+04
9.739500000000000000e+03
1.716000000000000000e+03
4.835000000000000000e+02
4.415000000000000000e+02
4.350000000000000000e+02
4.235000000000000000e+02
4.280000000000000000e+02
4.520000000000000000e+02
1.499000000000000000e+03
8.988500000000000000e+03
1.316150000000000000e+04
1.008650000000000000e+04
4.759000000000000000e+03
1.202150000000000000e+04
1.426050000000000000e+04
1.326300000000000000e+04
9.783500000000000000e+03
1.180350000000000000e+04
1.380100000000000000e+04
1.396950000000000000e+04
1.306200000000000000e+04
1.177850000000000000e+04
1.370350000000000000e+04
1.360150000000000000e+04
1.244700000000000000e+04
9.580500000000000000e+03
1.250050000000000000e+04
1.448750000000000000e+04
1.296250000000000000e+04
7.410500000000000000e+03
7.791000000000000000e+03
1.122250000000000000e+04
1.025800000000000000e+04
4.279000000000000000e+03
5.150000000000000000e+02
4.075000000000000000e+02
3.965000000000000000e+02
3.900000000000000000e+02
3.900000000000000000e+02
3.920000000000000000e+02
4.025000000000000000e+02
9.260000000000000000e+02
6.226000000000000000e+03
1.062300000000000000e+04
8.791500000000000000e+03
3.871500000000000000e+03
9.037500000000000000e+03
1.121250000000000000e+04
1.080550000000000000e+04
8.255500000000000000e+03
9.060000000000000000e+03
1.075750000000000000e+04
1.130950000000000000e+04
1.083200000000000000e+04
9.184000000000000000e+03
1.125150000000000000e+04
1.094500000000000000e+04
1.030950000000000000e+04
8.165500000000000000e+03
9.373000000000000000e+03
1.148300000000000000e+04
1.072900000000000000e+04
6.856000000000000000e+03
5.470500000000000000e+03
8.849000000000000000e+03
8.622500000000000000e+03
4.400000000000000000e+03
5.470000000000000000e+02
3.805000000000000000e+02
3.670000000000000000e+02
3.510000000000000000e+02
3.440000000000000000e+02
3.540000000000000000e+02
3.510000000000000000e+02
3.830000000000000000e+02
9.250000000000000000e+02
5.468500000000000000e+03
8.896000000000000000e+03
6.945500000000000000e+03
3.286500000000000000e+03
7.733500000000000000e+03
9.263000000000000000e+03
8.681000000000000000e+03
6.795000000000000000e+03
7.685000000000000000e+03
9.130500000000000000e+03
9.251500000000000000e+03
8.710000000000000000e+03
7.774500000000000000e+03
9.218000000000000000e+03
9.147000000000000000e+03
8.385500000000000000e+03
6.604500000000000000e+03
8.011000000000000000e+03
9.361000000000000000e+03
8.833500000000000000e+03
5.171000000000000000e+03
4.735000000000000000e+03
7.266500000000000000e+03
6.967000000000000000e+03
3.255000000000000000e+03
4.770000000000000000e+02
3.620000000000000000e+02
3.490000000000000000e+02
3.435000000000000000e+02
3.530000000000000000e+02
3.480000000000000000e+02
3.410000000000000000e+02
3.560000000000000000e+02
3.980000000000000000e+02
1.541000000000000000e+03
6.864500000000000000e+03
8.773000000000000000e+03
5.880500000000000000e+03
3.443000000000000000e+03
8.562500000000000000e+03
9.279000000000000000e+03
8.340000000000000000e+03
6.172000000000000000e+03
8.198500000000000000e+03
9.114000000000000000e+03
9.141500000000000000e+03
8.273000000000000000e+03
7.825500000000000000e+03
9.034000000000000000e+03
8.970500000000000000e+03
7.795500000000000000e+03
6.280000000000000000e+03
8.475500000000000000e+03
9.394000000000000000e+03
8.068000000000000000e+03
4.339000000000000000e+03
5.563500000000000000e+03
7.362500000000000000e+03
6.349500000000000000e+03
2.264000000000000000e+03
4.350000000000000000e+02
3.775000000000000000e+02
3.740000000000000000e+02
3.685000000000000000e+02
3.855000000000000000e+02
3.795000000000000000e+02
3.830000000000000000e+02
3.775000000000000000e+02
4.025000000000000000e+02
6.400000000000000000e+02
4.406500000000000000e+03
1.157150000000000000e+04
1.175600000000000000e+04
6.236500000000000000e+03
7.512000000000000000e+03
1.293850000000000000e+04
1.270800000000000000e+04
1.069150000000000000e+04
9.279500000000000000e+03
1.261200000000000000e+04
1.314500000000000000e+04
1.286100000000000000e+04
1.089250000000000000e+04
1.253500000000000000e+04
1.280500000000000000e+04
1.229700000000000000e+04
1.059800000000000000e+04
9.634500000000000000e+03
1.287100000000000000e+04
1.319400000000000000e+04
1.036000000000000000e+04
5.329000000000000000e+03
9.168000000000000000e+03
1.068550000000000000e+04
7.583500000000000000e+03
1.551500000000000000e+03
4.840000000000000000e+02
4.505000000000000000e+02
4.370000000000000000e+02
4.410000000000000000e+02
4.325000000000000000e+02
4.450000000000000000e+02
4.270000000000000000e+02
4.540000000000000000e+02
4.640000000000000000e+02
5.200000000000000000e+02
1.581500000000000000e+03
1.075850000000000000e+04
1.784950000000000000e+04
1.476100000000000000e+04
6.641500000000000000e+03
1.495100000000000000e+04
1.831250000000000000e+04
1.809050000000000000e+04
1.370500000000000000e+04
1.503800000000000000e+04
1.857350000000000000e+04
1.851400000000000000e+04
1.738200000000000000e+04
1.536150000000000000e+04
1.794900000000000000e+04
1.834350000000000000e+04
1.683400000000000000e+04
1.324950000000000000e+04
1.561200000000000000e+04
1.867700000000000000e+04
1.755900000000000000e+04
1.114300000000000000e+04
8.814000000000000000e+03
1.400500000000000000e+04
1.418450000000000000e+04
7.316500000000000000e+03
8.715000000000000000e+02
5.115000000000000000e+02
4.790000000000000000e+02
4.820000000000000000e+02
4.710000000000000000e+02
4.660000000000000000e+02
4.665000000000000000e+02
4.780000000000000000e+02
4.740000000000000000e+02
4.865000000000000000e+02
5.035000000000000000e+02
6.150000000000000000e+02
3.360500000000000000e+03
1.314500000000000000e+04
1.579400000000000000e+04
9.931000000000000000e+03
7.111000000000000000e+03
1.584400000000000000e+04
1.657600000000000000e+04
1.500950000000000000e+04
1.155550000000000000e+04
1.515050000000000000e+04
1.638950000000000000e+04
1.681450000000000000e+04
1.476500000000000000e+04
1.448400000000000000e+04
1.647350000000000000e+04
1.596500000000000000e+04
1.426000000000000000e+04
1.152650000000000000e+04
1.543900000000000000e+04
1.717600000000000000e+04
1.418400000000000000e+04
7.625500000000000000e+03
1.027450000000000000e+04
1.333600000000000000e+04
1.116450000000000000e+04
3.623000000000000000e+03
5.600000000000000000e+02
4.770000000000000000e+02
4.665000000000000000e+02
4.480000000000000000e+02
4.470000000000000000e+02
4.385000000000000000e+02
4.485000000000000000e+02
4.480000000000000000e+02
4.365000000000000000e+02
4.315000000000000000e+02
4.685000000000000000e+02
4.800000000000000000e+02
7.500000000000000000e+02
4.740000000000000000e+03
1.189350000000000000e+04
1.116500000000000000e+04
6.082000000000000000e+03
7.925500000000000000e+03
1.278850000000000000e+04
1.264500000000000000e+04
1.073800000000000000e+04
9.354500000000000000e+03
1.224100000000000000e+04
1.286550000000000000e+04
1.252850000000000000e+04
1.105700000000000000e+04
1.199300000000000000e+04
1.312500000000000000e+04
1.218150000000000000e+04
1.034500000000000000e+04
9.396000000000000000e+03
1.278700000000000000e+04
1.287200000000000000e+04
9.719000000000000000e+03
5.328000000000000000e+03
8.770000000000000000e+03
1.008650000000000000e+04
7.221500000000000000e+03
1.546500000000000000e+03
4.755000000000000000e+02
4.375000000000000000e+02
4.365000000000000000e+02
4.270000000000000000e+02
4.100000000000000000e+02
4.270000000000000000e+02
4.130000000000000000e+02
4.165000000000000000e+02
4.220000000000000000e+02
4.130000000000000000e+02
4.270000000000000000e+02
4.420000000000000000e+02
4.710000000000000000e+02
1.017500000000000000e+03
6.176500000000000000e+03
1.171700000000000000e+04
1.015200000000000000e+04
5.041000000000000000e+03
9.241000000000000000e+03
1.263300000000000000e+04
1.232600000000000000e+04
9.631500000000000000e+03
9.680000000000000000e+03
1.206300000000000000e+04
1.234200000000000000e+04
1.209650000000000000e+04
1.033600000000000000e+04
1.181750000000000000e+04
1.245450000000000000e+04
1.147250000000000000e+04
9.437000000000000000e+03
9.830500000000000000e+03
1.252250000000000000e+04
1.228800000000000000e+04
8.473500000000000000e+03
5.276000000000000000e+03
9.040000000000000000e+03
9.673000000000000000e+03
5.939000000000000000e+03
9.880000000000000000e+02
4.465000000000000000e+02
4.155000000000000000e+02
4.090000000000000000e+02
3.980000000000000000e+02
3.990000000000000000e+02
3.985000000000000000e+02
3.950000000000000000e+02
3.925000000000000000e+02
3.940000000000000000e+02
3.935000000000000000e+02
3.995000000000000000e+02
3.995000000000000000e+02
4.080000000000000000e+02
4.320000000000000000e+02
9.960000000000000000e+02
5.747500000000000000e+03
1.015000000000000000e+04
8.837500000000000000e+03
4.163000000000000000e+03
8.078000000000000000e+03
1.078750000000000000e+04
1.044350000000000000e+04
8.283500000000000000e+03
8.310000000000000000e+03
1.031800000000000000e+04
1.088500000000000000e+04
9.988000000000000000e+03
9.057500000000000000e+03
1.011300000000000000e+04
1.044800000000000000e+04
1.009550000000000000e+04
7.972000000000000000e+03
8.434000000000000000e+03
1.073200000000000000e+04
1.022700000000000000e+04
7.177500000000000000e+03
4.672000000000000000e+03
7.775500000000000000e+03
8.212000000000000000e+03
5.016000000000000000e+03
8.940000000000000000e+02
3.885000000000000000e+02
3.915000000000000000e+02
3.755000000000000000e+02
3.825000000000000000e+02
3.750000000000000000e+02
3.685000000000000000e+02
3.610000000000000000e+02
3.670000000000000000e+02
3.665000000000000000e+02
3.665000000000000000e+02
3.660000000000000000e+02
3.700000000000000000e+02
3.710000000000000000e+02
3.820000000000000000e+02
3.925000000000000000e+02
6.785000000000000000e+02
3.645500000000000000e+03
8.077000000000000000e+03
7.611500000000000000e+03
4.158000000000000000e+03
5.553500000000000000e+03
9.060000000000000000e+03
8.764500000000000000e+03
7.261000000000000000e+03
6.407500000000000000e+03
8.531500000000000000e+03
8.932000000000000000e+03
8.530000000000000000e+03
7.578000000000000000e+03
8.418000000000000000e+03
8.761000000000000000e+03
8.407500000000000000e+03
7.037000000000000000e+03
6.526000000000000000e+03
8.572000000000000000e+03
8.577000000000000000e+03
6.568500000000000000e+03
3.788000000000000000e+03
6.127000000000000000e+03
6.921500000000000000e+03
4.869000000000000000e+03
1.194500000000000000e+03
4.220000000000000000e+02
3.915000000000000000e+02
3.885000000000000000e+02
3.795000000000000000e+02
3.735000000000000000e+02
3.800000000000000000e+02
3.725000000000000000e+02
3.830000000000000000e+02
3.815000000000000000e+02
3.760000000000000000e+02
3.940000000000000000e+02
3.820000000000000000e+02
3.940000000000000000e+02
3.840000000000000000e+02
4.060000000000000000e+02
4.185000000000000000e+02
5.040000000000000000e+02
2.317000000000000000e+03
8.563500000000000000e+03
1.123900000000000000e+04
7.585500000000000000e+03
4.852000000000000000e+03
1.094500000000000000e+04
1.129950000000000000e+04
1.076000000000000000e+04
8.202000000000000000e+03
1.017800000000000000e+04
1.119800000000000000e+04
1.154150000000000000e+04
1.026700000000000000e+04
9.762000000000000000e+03
1.140900000000000000e+04
1.124400000000000000e+04
1.001000000000000000e+04
8.090500000000000000e+03
1.027550000000000000e+04
1.176300000000000000e+04
1.003850000000000000e+04
5.773500000000000000e+03
6.372000000000000000e+03
8.990000000000000000e+03
7.827500000000000000e+03
3.404500000000000000e+03
5.945000000000000000e+02
4.570000000000000000e+02
4.440000000000000000e+02
4.420000000000000000e+02
4.295000000000000000e+02
4.340000000000000000e+02
4.325000000000000000e+02
4.340000000000000000e+02
4.370000000000000000e+02
4.250000000000000000e+02
4.275000000000000000e+02
4.380000000000000000e+02
4.430000000000000000e+02
4.390000000000000000e+02
4.485000000000000000e+02
4.510000000000000000e+02
4.805000000000000000e+02
5.145000000000000000e+02
7.790000000000000000e+02
4.667000000000000000e+03
1.276750000000000000e+04
1.314050000000000000e+04
7.448500000000000000e+03
7.722500000000000000e+03
1.440300000000000000e+04
1.455350000000000000e+04
1.246700000000000000e+04
1.037000000000000000e+04
1.361700000000000000e+04
1.438350000000000000e+04
1.396250000000000000e+04
1.246950000000000000e+04
1.343450000000000000e+04
1.452350000000000000e+04
1.407000000000000000e+04
1.203800000000000000e+04
1.053800000000000000e+04
1.378400000000000000e+04
1.453100000000000000e+04
1.158500000000000000e+04
6.491500000000000000e+03
9.146000000000000000e+03
1.127450000000000000e+04
9.097000000000000000e+03
2.814500000000000000e+03
5.535000000000000000e+02
4.970000000000000000e+02
4.680000000000000000e+02
4.540000000000000000e+02
4.785000000000000000e+02
4.705000000000000000e+02
4.660000000000000000e+02
4.575000000000000000e+02
4.545000000000000000e+02
4.585000000000000000e+02
4.620000000000000000e+02
4.545000000000000000e+02
4.585000000000000000e+02
4.620000000000000000e+02
4.745000000000000000e+02
4.590000000000000000e+02
4.890000000000000000e+02
4.890000000000000000e+02
5.165000000000000000e+02
7.755000000000000000e+02
4.030000000000000000e+03
1.154400000000000000e+04
1.229850000000000000e+04
8.123500000000000000e+03
6.755000000000000000e+03
1.345400000000000000e+04
1.382500000000000000e+04
1.166950000000000000e+04
9.571500000000000000e+03
1.288550000000000000e+04
1.355250000000000000e+04
1.342100000000000000e+04
1.197050000000000000e+04
1.236450000000000000e+04
1.350950000000000000e+04
1.337150000000000000e+04
1.114900000000000000e+04
9.411500000000000000e+03
1.238800000000000000e+04
1.364450000000000000e+04
1.112600000000000000e+04
6.313500000000000000e+03
8.147500000000000000e+03
1.049150000000000000e+04
8.608500000000000000e+03
3.100000000000000000e+03
5.845000000000000000e+02
5.025000000000000000e+02
4.915000000000000000e+02
4.855000000000000000e+02
4.840000000000000000e+02
4.640000000000000000e+02
4.640000000000000000e+02
4.555000000000000000e+02
4.615000000000000000e+02
4.590000000000000000e+02
4.620000000000000000e+02
4.685000000000000000e+02
4.685000000000000000e+02
4.630000000000000000e+02
4.720000000000000000e+02
4.610000000000000000e+02
4.760000000000000000e+02
4.725000000000000000e+02
4.945000000000000000e+02
4.995000000000000000e+02
5.645000000000000000e+02
1.708000000000000000e+03
8.081000000000000000e+03
1.275600000000000000e+04
1.027900000000000000e+04
5.400000000000000000e+03
1.082850000000000000e+04
1.302850000000000000e+04
1.298100000000000000e+04
1.033050000000000000e+04
1.063000000000000000e+04
1.277100000000000000e+04
1.305500000000000000e+04
1.264700000000000000e+04
1.120300000000000000e+04
1.256950000000000000e+04
1.309050000000000000e+04
1.221400000000000000e+04
9.865500000000000000e+03
1.036700000000000000e+04
1.315600000000000000e+04
1.233150000000000000e+04
8.500500000000000000e+03
6.057500000000000000e+03
9.326000000000000000e+03
9.706000000000000000e+03
6.182500000000000000e+03
1.146500000000000000e+03
5.335000000000000000e+02
5.050000000000000000e+02
5.115000000000000000e+02
5.055000000000000000e+02
4.835000000000000000e+02
4.930000000000000000e+02
4.990000000000000000e+02
4.860000000000000000e+02
4.820000000000000000e+02
4.890000000000000000e+02
4.910000000000000000e+02
4.935000000000000000e+02
4.790000000000000000e+02
4.930000000000000000e+02
4.950000000000000000e+02
4.840000000000000000e+02
5.150000000000000000e+02
5.055000000000000000e+02
5.060000000000000000e+02
5.225000000000000000e+02
5.545000000000000000e+02
5.990000000000000000e+02
2.163000000000000000e+03
9.781000000000000000e+03
1.422950000000000000e+04
1.114400000000000000e+04
5.937000000000000000e+03
1.263800000000000000e+04
1.500150000000000000e+04
1.370950000000000000e+04
1.106100000000000000e+04
1.213100000000000000e+04
1.404700000000000000e+04
1.447500000000000000e+04
1.427100000000000000e+04
1.241100000000000000e+04
1.421100000000000000e+04
1.422400000000000000e+04
1.323600000000000000e+04
1.050850000000000000e+04
1.224200000000000000e+04
1.473800000000000000e+04
1.342300000000000000e+04
9.138500000000000000e+03
6.924000000000000000e+03
1.086650000000000000e+04
1.048200000000000000e+04
6.340000000000000000e+03
1.145500000000000000e+03
5.665000000000000000e+02
5.335000000000000000e+02
5.205000000000000000e+02
5.340000000000000000e+02
5.220000000000000000e+02
5.215000000000000000e+02
5.145000000000000000e+02
5.270000000000000000e+02
5.160000000000000000e+02
5.100000000000000000e+02
5.150000000000000000e+02
5.150000000000000000e+02
5.070000000000000000e+02
5.020000000000000000e+02
5.070000000000000000e+02
5.145000000000000000e+02
5.305000000000000000e+02
5.010000000000000000e+02
5.355000000000000000e+02
5.235000000000000000e+02
5.495000000000000000e+02
5.660000000000000000e+02
5.810000000000000000e+02
1.162500000000000000e+03
6.295000000000000000e+03
1.373800000000000000e+04
1.351500000000000000e+04
7.721500000000000000e+03
9.567000000000000000e+03
1.522000000000000000e+04
1.511950000000000000e+04
1.267950000000000000e+04
1.101400000000000000e+04
1.412350000000000000e+04
1.509150000000000000e+04
1.485100000000000000e+04
1.304800000000000000e+04
1.398950000000000000e+04
1.480200000000000000e+04
1.472100000000000000e+04
1.229800000000000000e+04
1.089100000000000000e+04
1.436850000000000000e+04
1.484000000000000000e+04
1.182450000000000000e+04
6.749000000000000000e+03
9.500000000000000000e+03
1.160700000000000000e+04
9.164500000000000000e+03
2.836500000000000000e+03
6.160000000000000000e+02
5.655000000000000000e+02
5.425000000000000000e+02
5.505000000000000000e+02
5.415000000000000000e+02
5.110000000000000000e+02
5.160000000000000000e+02
5.270000000000000000e+02
5.100000000000000000e+02
5.175000000000000000e+02
5.190000000000000000e+02
5.065000000000000000e+02
5.080000000000000000e+02
5.135000000000000000e+02
5.095000000000000000e+02
5.205000000000000000e+02
5.360000000000000000e+02
4.930000000000000000e+02
5.270000000000000000e+02
5.185000000000000000e+02
5.330000000000000000e+02
5.530000000000000000e+02
5.370000000000000000e+02
5.535000000000000000e+02
5.890000000000000000e+02
1.241500000000000000e+03
6.601500000000000000e+03
1.410600000000000000e+04
1.346800000000000000e+04
7.438500000000000000e+03
9.531500000000000000e+03
1.545150000000000000e+04
1.520250000000000000e+04
1.218500000000000000e+04
1.104100000000000000e+04
1.452750000000000000e+04
1.548300000000000000e+04
1.495450000000000000e+04
1.321400000000000000e+04
1.416800000000000000e+04
1.473000000000000000e+04
1.442450000000000000e+04
1.183400000000000000e+04
1.111300000000000000e+04
1.410700000000000000e+04
1.482500000000000000e+04
1.149800000000000000e+04
6.694500000000000000e+03
9.512000000000000000e+03
1.170200000000000000e+04
8.985000000000000000e+03
2.787500000000000000e+03
6.130000000000000000e+02
5.630000000000000000e+02
5.320000000000000000e+02
5.390000000000000000e+02
5.415000000000000000e+02
5.320000000000000000e+02
5.220000000000000000e+02
5.120000000000000000e+02
5.140000000000000000e+02
5.195000000000000000e+02
5.150000000000000000e+02
4.975000000000000000e+02
5.065000000000000000e+02
5.030000000000000000e+02
5.030000000000000000e+02
5.180000000000000000e+02
5.205000000000000000e+02
5.060000000000000000e+02
5.185000000000000000e+02
5.145000000000000000e+02
5.245000000000000000e+02
5.155000000000000000e+02
5.360000000000000000e+02
5.285000000000000000e+02
5.265000000000000000e+02
5.610000000000000000e+02
6.695000000000000000e+02
2.535500000000000000e+03
9.684000000000000000e+03
1.351150000000000000e+04
1.052050000000000000e+04
5.971500000000000000e+03
1.268400000000000000e+04
1.415800000000000000e+04
1.365050000000000000e+04
1.058950000000000000e+04
1.161850000000000000e+04
1.345600000000000000e+04
1.391350000000000000e+04
1.317900000000000000e+04
1.165000000000000000e+04
1.388150000000000000e+04
1.357500000000000000e+04
1.225700000000000000e+04
1.043000000000000000e+04
1.179500000000000000e+04
1.380050000000000000e+04
1.307150000000000000e+04
8.801500000000000000e+03
6.697000000000000000e+03
1.032200000000000000e+04
1.037800000000000000e+04
6.008000000000000000e+03
1.157000000000000000e+03
5.680000000000000000e+02
5.195000000000000000e+02
5.340000000000000000e+02
5.120000000000000000e+02
5.130000000000000000e+02
5.035000000000000000e+02
4.955000000000000000e+02
4.810000000000000000e+02
4.960000000000000000e+02
4.745000000000000000e+02
4.990000000000000000e+02
4.930000000000000000e+02
4.935000000000000000e+02
4.935000000000000000e+02
4.840000000000000000e+02
4.830000000000000000e+02
4.765000000000000000e+02
4.740000000000000000e+02
4.895000000000000000e+02
4.950000000000000000e+02
4.745000000000000000e+02
4.795000000000000000e+02
4.830000000000000000e+02
5.030000000000000000e+02
5.085000000000000000e+02
5.235000000000000000e+02
5.290000000000000000e+02
5.855000000000000000e+02
1.592500000000000000e+03
7.405000000000000000e+03
1.279600000000000000e+04
1.082700000000000000e+04
5.894500000000000000e+03
1.005350000000000000e+04
1.317850000000000000e+04
1.297300000000000000e+04
1.021850000000000000e+04
1.029000000000000000e+04
1.276800000000000000e+04
1.281700000000000000e+04
1.242800000000000000e+04
1.116050000000000000e+04
1.220750000000000000e+04
1.323350000000000000e+04
1.219350000000000000e+04
1.028600000000000000e+04
1.007100000000000000e+04
1.249400000000000000e+04
1.244050000000000000e+04
9.436000000000000000e+03
5.730500000000000000e+03
8.620500000000000000e+03
9.795000000000000000e+03
6.986000000000000000e+03
1.861500000000000000e+03
5.580000000000000000e+02
5.295000000000000000e+02
4.885000000000000000e+02
4.910000000000000000e+02
4.875000000000000000e+02
4.715000000000000000e+02
4.810000000000000000e+02
4.775000000000000000e+02
4.770000000000000000e+02
4.840000000000000000e+02
4.755000000000000000e+02
4.800000000000000000e+02
4.550000000000000000e+02
4.770000000000000000e+02
4.675000000000000000e+02
4.840000000000000000e+02
4.695000000000000000e+02
4.655000000000000000e+02
4.880000000000000000e+02
4.580000000000000000e+02
4.720000000000000000e+02
4.670000000000000000e+02
4.635000000000000000e+02
4.775000000000000000e+02
4.875000000000000000e+02
4.690000000000000000e+02
4.710000000000000000e+02
4.920000000000000000e+02
5.195000000000000000e+02
5.680000000000000000e+02
1.710000000000000000e+03
7.372000000000000000e+03
1.205800000000000000e+04
1.031150000000000000e+04
5.789000000000000000e+03
9.951000000000000000e+03
1.298500000000000000e+04
1.246750000000000000e+04
1.004600000000000000e+04
1.008450000000000000e+04
1.257750000000000000e+04
1.248850000000000000e+04
1.229800000000000000e+04
1.102300000000000000e+04
1.197250000000000000e+04
1.279100000000000000e+04
1.188700000000000000e+04
9.841500000000000000e+03
9.727500000000000000e+03
1.237200000000000000e+04
1.236400000000000000e+04
9.046500000000000000e+03
5.463000000000000000e+03
8.735500000000000000e+03
9.427000000000000000e+03
6.536000000000000000e+03
1.729500000000000000e+03
5.445000000000000000e+02
4.775000000000000000e+02
4.760000000000000000e+02
4.705000000000000000e+02
4.690000000000000000e+02
4.605000000000000000e+02
4.620000000000000000e+02
4.700000000000000000e+02
4.405000000000000000e+02
4.450000000000000000e+02
4.585000000000000000e+02
4.420000000000000000e+02
4.395000000000000000e+02
4.420000000000000000e+02
4.390000000000000000e+02
4.380000000000000000e+02
4.470000000000000000e+02
4.390000000000000000e+02
4.445000000000000000e+02
4.450000000000000000e+02
4.425000000000000000e+02
4.465000000000000000e+02
4.415000000000000000e+02
4.405000000000000000e+02
4.515000000000000000e+02
4.400000000000000000e+02
4.610000000000000000e+02
4.435000000000000000e+02
4.550000000000000000e+02
4.710000000000000000e+02
4.850000000000000000e+02
6.045000000000000000e+02
2.402500000000000000e+03
8.588000000000000000e+03
1.141350000000000000e+04
8.568000000000000000e+03
5.143500000000000000e+03
1.053850000000000000e+04
1.211000000000000000e+04
1.082900000000000000e+04
8.902000000000000000e+03
9.916000000000000000e+03
1.138400000000000000e+04
1.154800000000000000e+04
1.098800000000000000e+04
1.007100000000000000e+04
1.166850000000000000e+04
1.181950000000000000e+04
1.054150000000000000e+04
8.601000000000000000e+03
9.782000000000000000e+03
1.176550000000000000e+04
1.075700000000000000e+04
7.251500000000000000e+03
5.317500000000000000e+03
8.064000000000000000e+03
8.447000000000000000e+03
5.249500000000000000e+03
1.074000000000000000e+03
4.655000000000000000e+02
4.480000000000000000e+02
4.425000000000000000e+02
4.345000000000000000e+02
4.205000000000000000e+02
4.190000000000000000e+02
4.170000000000000000e+02
4.325000000000000000e+02
4.065000000000000000e+02
4.115000000000000000e+02
4.020000000000000000e+02
4.170000000000000000e+02
4.250000000000000000e+02
3.940000000000000000e+02
4.175000000000000000e+02
4.065000000000000000e+02
4.045000000000000000e+02
4.055000000000000000e+02
3.920000000000000000e+02
4.025000000000000000e+02
4.005000000000000000e+02
4.130000000000000000e+02
4.095000000000000000e+02
4.010000000000000000e+02
4.050000000000000000e+02
4.070000000000000000e+02
4.105000000000000000e+02
4.170000000000000000e+02
4.155000000000000000e+02
4.285000000000000000e+02
4.150000000000000000e+02
4.075000000000000000e+02
4.525000000000000000e+02
8.320000000000000000e+02
3.857500000000000000e+03
9.122500000000000000e+03
9.131000000000000000e+03
5.810000000000000000e+03
5.937000000000000000e+03
1.020100000000000000e+04
1.025500000000000000e+04
9.247000000000000000e+03
7.296500000000000000e+03
9.680500000000000000e+03
9.998000000000000000e+03
1.022800000000000000e+04
8.889000000000000000e+03
8.974000000000000000e+03
1.018250000000000000e+04
9.936500000000000000e+03
8.335500000000000000e+03
7.296500000000000000e+03
9.126000000000000000e+03
1.009250000000000000e+04
8.149500000000000000e+03
5.002500000000000000e+03
5.592500000000000000e+03
7.479500000000000000e+03
6.378000000000000000e+03
2.872000000000000000e+03
5.270000000000000000e+02
4.110000000000000000e+02
3.910000000000000000e+02
3.950000000000000000e+02
3.975000000000000000e+02
3.850000000000000000e+02
3.915000000000000000e+02
3.740000000000000000e+02
3.660000000000000000e+02
3.705000000000000000e+02
3.640000000000000000e+02
3.630000000000000000e+02
3.680000000000000000e+02
3.580000000000000000e+02
3.685000000000000000e+02
3.580000000000000000e+02
3.555000000000000000e+02
3.650000000000000000e+02
3.635000000000000000e+02
3.590000000000000000e+02
3.380000000000000000e+02
3.665000000000000000e+02
3.495000000000000000e+02
3.460000000000000000e+02
3.660000000000000000e+02
3.435000000000000000e+02
3.465000000000000000e+02
3.415000000000000000e+02
3.400000000000000000e+02
3.350000000000000000e+02
3.450000000000000000e+02
3.690000000000000000e+02
3.480000000000000000e+02
3.705000000000000000e+02
3.650000000000000000e+02
4.320000000000000000e+02
1.389500000000000000e+03
5.631500000000000000e+03
7.952000000000000000e+03
6.592500000000000000e+03
3.720000000000000000e+03
7.219000000000000000e+03
8.308000000000000000e+03
8.166000000000000000e+03
6.540500000000000000e+03
6.726500000000000000e+03
7.926000000000000000e+03
8.227500000000000000e+03
7.843000000000000000e+03
6.870000000000000000e+03
8.034000000000000000e+03
8.094000000000000000e+03
7.427000000000000000e+03
6.202000000000000000e+03
6.463000000000000000e+03
8.069500000000000000e+03
7.662000000000000000e+03
5.693000000000000000e+03
3.540500000000000000e+03
5.431000000000000000e+03
5.992000000000000000e+03
4.075500000000000000e+03
1.091500000000000000e+03
3.610000000000000000e+02
3.460000000000000000e+02
3.210000000000000000e+02
3.340000000000000000e+02
3.210000000000000000e+02
3.115000000000000000e+02
3.125000000000000000e+02
3.165000000000000000e+02
2.990000000000000000e+02
3.020000000000000000e+02
3.035000000000000000e+02
3.145000000000000000e+02
2.940000000000000000e+02
2.920000000000000000e+02
2.970000000000000000e+02
2.905000000000000000e+02
2.910000000000000000e+02
2.905000000000000000e+02
2.945000000000000000e+02
3.005000000000000000e+02
2.935000000000000000e+02
2.760000000000000000e+02
2.920000000000000000e+02
2.710000000000000000e+02
2.895000000000000000e+02
2.860000000000000000e+02
2.950000000000000000e+02
2.890000000000000000e+02
2.875000000000000000e+02
2.850000000000000000e+02
2.845000000000000000e+02
2.920000000000000000e+02
2.895000000000000000e+02
3.055000000000000000e+02
2.900000000000000000e+02
3.055000000000000000e+02
3.130000000000000000e+02
5.160000000000000000e+02
2.301500000000000000e+03
5.716000000000000000e+03
5.953500000000000000e+03
3.747000000000000000e+03
3.564000000000000000e+03
6.373500000000000000e+03
6.539000000000000000e+03
5.675500000000000000e+03
4.718500000000000000e+03
5.935000000000000000e+03
6.284000000000000000e+03
6.244500000000000000e+03
5.845000000000000000e+03
5.590000000000000000e+03
6.367500000000000000e+03
6.262000000000000000e+03
5.408000000000000000e+03
4.563000000000000000e+03
5.623000000000000000e+03
6.361000000000000000e+03
5.332500000000000000e+03
3.295500000000000000e+03
3.311500000000000000e+03
4.484500000000000000e+03
4.181500000000000000e+03
2.183000000000000000e+03
3.955000000000000000e+02
2.680000000000000000e+02
2.665000000000000000e+02
2.670000000000000000e+02
2.650000000000000000e+02
2.545000000000000000e+02
2.615000000000000000e+02
2.540000000000000000e+02
2.370000000000000000e+02
2.520000000000000000e+02
2.485000000000000000e+02
2.410000000000000000e+02
2.470000000000000000e+02
2.335000000000000000e+02
2.395000000000000000e+02
2.385000000000000000e+02
2.380000000000000000e+02
2.315000000000000000e+02
2.330000000000000000e+02
2.265000000000000000e+02
2.345000000000000000e+02
2.430000000000000000e+02
2.305000000000000000e+02
2.310000000000000000e+02
2.260000000000000000e+02
2.320000000000000000e+02
2.330000000000000000e+02
2.215000000000000000e+02
2.275000000000000000e+02
2.275000000000000000e+02
2.210000000000000000e+02
2.180000000000000000e+02
2.155000000000000000e+02
2.300000000000000000e+02
2.345000000000000000e+02
2.290000000000000000e+02
2.305000000000000000e+02
2.390000000000000000e+02
2.435000000000000000e+02
2.605000000000000000e+02
6.695000000000000000e+02
2.810500000000000000e+03
4.430500000000000000e+03
4.157500000000000000e+03
2.293500000000000000e+03
3.601500000000000000e+03
4.670000000000000000e+03
4.709500000000000000e+03
3.887500000000000000e+03
3.591000000000000000e+03
4.622500000000000000e+03
4.700500000000000000e+03
4.419500000000000000e+03
4.098500000000000000e+03
4.379500000000000000e+03
4.629000000000000000e+03
4.265500000000000000e+03
3.762500000000000000e+03
3.404500000000000000e+03
4.392000000000000000e+03
4.381500000000000000e+03
3.404000000000000000e+03
2.064500000000000000e+03
2.774500000000000000e+03
3.287000000000000000e+03
2.724000000000000000e+03
9.685000000000000000e+02
2.450000000000000000e+02
2.190000000000000000e+02
2.035000000000000000e+02
2.060000000000000000e+02
2.005000000000000000e+02
2.000000000000000000e+02
1.920000000000000000e+02
1.930000000000000000e+02
1.960000000000000000e+02
1.980000000000000000e+02
1.940000000000000000e+02
1.845000000000000000e+02
1.920000000000000000e+02
1.915000000000000000e+02
1.890000000000000000e+02
1.785000000000000000e+02
1.710000000000000000e+02
1.855000000000000000e+02
1.840000000000000000e+02
1.865000000000000000e+02
1.845000000000000000e+02
1.760000000000000000e+02
1.820000000000000000e+02
1.825000000000000000e+02
1.810000000000000000e+02
1.815000000000000000e+02
1.860000000000000000e+02
1.800000000000000000e+02
1.770000000000000000e+02
1.760000000000000000e+02
1.720000000000000000e+02
1.790000000000000000e+02
1.755000000000000000e+02
1.745000000000000000e+02
1.675000000000000000e+02
1.800000000000000000e+02
1.810000000000000000e+02
1.795000000000000000e+02
1.795000000000000000e+02
1.810000000000000000e+02
1.825000000000000000e+02
2.155000000000000000e+02
6.980000000000000000e+02
2.425000000000000000e+03
3.338000000000000000e+03
2.630000000000000000e+03
1.625000000000000000e+03
2.933000000000000000e+03
3.481500000000000000e+03
3.348000000000000000e+03
2.684500000000000000e+03
2.829000000000000000e+03
3.264000000000000000e+03
3.413500000000000000e+03
3.316500000000000000e+03
2.980500000000000000e+03
3.279000000000000000e+03
3.446500000000000000e+03
3.092500000000000000e+03
2.675000000000000000e+03
2.588000000000000000e+03
3.298000000000000000e+03
3.114000000000000000e+03
2.389500000000000000e+03
1.522000000000000000e+03
2.225500000000000000e+03
2.391000000000000000e+03
1.737000000000000000e+03
5.515000000000000000e+02
1.725000000000000000e+02
1.725000000000000000e+02
1.570000000000000000e+02
1.580000000000000000e+02
1.590000000000000000e+02
1.610000000000000000e+02
1.475000000000000000e+02
1.490000000000000000e+02
1.570000000000000000e+02
1.535000000000000000e+02
1.460000000000000000e+02
1.480000000000000000e+02
1.430000000000000000e+02
1.520000000000000000e+02
1.505000000000000000e+02
1.425000000000000000e+02
1.440000000000000000e+02
1.410000000000000000e+02
1.370000000000000000e+02
1.335000000000000000e+02
1.340000000000000000e+02
1.400000000000000000e+02
1.380000000000000000e+02
1.335000000000000000e+02
1.315000000000000000e+02
1.310000000000000000e+02
1.310000000000000000e+02
1.275000000000000000e+02
1.350000000000000000e+02
1.305000000000000000e+02
1.300000000000000000e+02
1.295000000000000000e+02
1.280000000000000000e+02
1.330000000000000000e+02
1.265000000000000000e+02
1.285000000000000000e+02
1.365000000000000000e+02
1.350000000000000000e+02
1.420000000000000000e+02
1.325000000000000000e+02
1.315000000000000000e+02
1.410000000000000000e+02
1.355000000000000000e+02
1.615000000000000000e+02
4.210000000000000000e+02
1.481500000000000000e+03
2.209500000000000000e+03
1.895000000000000000e+03
1.149500000000000000e+03
1.855000000000000000e+03
2.294000000000000000e+03
2.164500000000000000e+03
1.835500000000000000e+03
1.770000000000000000e+03
2.287500000000000000e+03
2.275500000000000000e+03
2.167500000000000000e+03
1.985500000000000000e+03
2.236000000000000000e+03
2.282000000000000000e+03
2.075000000000000000e+03
1.800000000000000000e+03
1.735500000000000000e+03
2.186500000000000000e+03
2.089000000000000000e+03
1.595000000000000000e+03
1.058500000000000000e+03
1.410500000000000000e+03
1.585500000000000000e+03
1.252000000000000000e+03
4.475000000000000000e+02
1.305000000000000000e+02
1.280000000000000000e+02
1.175000000000000000e+02
1.120000000000000000e+02
1.120000000000000000e+02
1.155000000000000000e+02
1.090000000000000000e+02
1.080000000000000000e+02
1.155000000000000000e+02
1.020000000000000000e+02
9.850000000000000000e+01
1.085000000000000000e+02
9.800000000000000000e+01
1.015000000000000000e+02
1.060000000000000000e+02
1.025000000000000000e+02
1.020000000000000000e+02
9.050000000000000000e+01
1.025000000000000000e+02
1.030000000000000000e+02
9.950000000000000000e+01
1.000000000000000000e+02
1.005000000000000000e+02
9.950000000000000000e+01
9.650000000000000000e+01
9.400000000000000000e+01
9.750000000000000000e+01
9.250000000000000000e+01
9.400000000000000000e+01
9.400000000000000000e+01
9.750000000000000000e+01
8.850000000000000000e+01
9.800000000000000000e+01
9.550000000000000000e+01
9.500000000000000000e+01
9.600000000000000000e+01
9.150000000000000000e+01
9.450000000000000000e+01
9.400000000000000000e+01
8.900000000000000000e+01
8.900000000000000000e+01
9.250000000000000000e+01
9.100000000000000000e+01
9.050000000000000000e+01
9.900000000000000000e+01
9.200000000000000000e+01
1.605000000000000000e+02
5.700000000000000000e+02
1.236500000000000000e+03
1.299000000000000000e+03
8.590000000000000000e+02
8.180000000000000000e+02
1.352500000000000000e+03
1.377500000000000000e+03
1.239500000000000000e+03
1.015000000000000000e+03
1.278500000000000000e+03
1.371500000000000000e+03
1.312500000000000000e+03
1.318500000000000000e+03
1.230500000000000000e+03
1.376000000000000000e+03
1.339500000000000000e+03
1.176000000000000000e+03
1.027000000000000000e+03
1.195500000000000000e+03
1.331500000000000000e+03
1.163000000000000000e+03
7.840000000000000000e+02
7.010000000000000000e+02
9.900000000000000000e+02
8.880000000000000000e+02
5.425000000000000000e+02
1.330000000000000000e+02
9.250000000000000000e+01
8.200000000000000000e+01
7.600000000000000000e+01
8.150000000000000000e+01
8.500000000000000000e+01
7.400000000000000000e+01
7.600000000000000000e+01
7.750000000000000000e+01
7.500000000000000000e+01
7.300000000000000000e+01
6.900000000000000000e+01
7.650000000000000000e+01
7.250000000000000000e+01
6.900000000000000000e+01
7.000000000000000000e+01
6.750000000000000000e+01
6.850000000000000000e+01
7.400000000000000000e+01
6.400000000000000000e+01
7.100000000000000000e+01
6.950000000000000000e+01
7.150000000000000000e+01
7.000000000000000000e+01
7.050000000000000000e+01
6.800000000000000000e+01
6.450000000000000000e+01
6.700000000000000000e+01
6.600000000000000000e+01
6.000000000000000000e+01
6.400000000000000000e+01
6.900000000000000000e+01
6.850000000000000000e+01
6.700000000000000000e+01
6.600000000000000000e+01
6.350000000000000000e+01
6.700000000000000000e+01
6.650000000000000000e+01
6.200000000000000000e+01
6.650000000000000000e+01
5.600000000000000000e+01
6.000000000000000000e+01
5.750000000000000000e+01
6.450000000000000000e+01
5.550000000000000000e+01
6.550000000000000000e+01
6.650000000000000000e+01
6.250000000000000000e+01
7.400000000000000000e+01
1.100000000000000000e+02
3.455000000000000000e+02
6.910000000000000000e+02
6.530000000000000000e+02
4.675000000000000000e+02
4.500000000000000000e+02
7.270000000000000000e+02
7.250000000000000000e+02
6.425000000000000000e+02
5.540000000000000000e+02
6.700000000000000000e+02
7.225000000000000000e+02
7.080000000000000000e+02
6.580000000000000000e+02
6.605000000000000000e+02
7.295000000000000000e+02
7.180000000000000000e+02
6.080000000000000000e+02
5.405000000000000000e+02
6.490000000000000000e+02
6.985000000000000000e+02
6.155000000000000000e+02
4.205000000000000000e+02
3.855000000000000000e+02
5.000000000000000000e+02
4.680000000000000000e+02
2.775000000000000000e+02
8.450000000000000000e+01
6.050000000000000000e+01
5.300000000000000000e+01
5.400000000000000000e+01
5.000000000000000000e+01
5.100000000000000000e+01
5.000000000000000000e+01
4.900000000000000000e+01
5.500000000000000000e+01
5.000000000000000000e+01
5.150000000000000000e+01
5.400000000000000000e+01
4.750000000000000000e+01
4.600000000000000000e+01
4.850000000000000000e+01
4.350000000000000000e+01
4.600000000000000000e+01
4.650000000000000000e+01
4.500000000000000000e+01
4.600000000000000000e+01
4.500000000000000000e+01
4.450000000000000000e+01
4.800000000000000000e+01
4.700000000000000000e+01
4.450000000000000000e+01
5.050000000000000000e+01
4.800000000000000000e+01
4.600000000000000000e+01
4.500000000000000000e+01
4.400000000000000000e+01
4.500000000000000000e+01
4.500000000000000000e+01
4.200000000000000000e+01
4.100000000000000000e+01
4.700000000000000000e+01
4.400000000000000000e+01
4.800000000000000000e+01
4.300000000000000000e+01
4.250000000000000000e+01
4.550000000000000000e+01
4.050000000000000000e+01
3.950000000000000000e+01
4.500000000000000000e+01
4.400000000000000000e+01
4.150000000000000000e+01
4.250000000000000000e+01
4.150000000000000000e+01
4.100000000000000000e+01
4.800000000000000000e+01
4.100000000000000000e+01
4.100000000000000000e+01
4.450000000000000000e+01
8.200000000000000000e+01
2.280000000000000000e+02
3.110000000000000000e+02
2.560000000000000000e+02
1.795000000000000000e+02
2.615000000000000000e+02
3.070000000000000000e+02
2.870000000000000000e+02
2.505000000000000000e+02
2.495000000000000000e+02
2.815000000000000000e+02
2.970000000000000000e+02
2.955000000000000000e+02
2.675000000000000000e+02
2.840000000000000000e+02
3.040000000000000000e+02
2.790000000000000000e+02
2.440000000000000000e+02
2.370000000000000000e+02
2.760000000000000000e+02
2.810000000000000000e+02
2.235000000000000000e+02
1.650000000000000000e+02
1.880000000000000000e+02
2.240000000000000000e+02
1.750000000000000000e+02
8.850000000000000000e+01
4.650000000000000000e+01
3.900000000000000000e+01
3.650000000000000000e+01
3.950000000000000000e+01
3.800000000000000000e+01
3.650000000000000000e+01
3.600000000000000000e+01
3.200000000000000000e+01
3.100000000000000000e+01
3.250000000000000000e+01
3.050000000000000000e+01
3.100000000000000000e+01
3.350000000000000000e+01
3.300000000000000000e+01
3.350000000000000000e+01
3.250000000000000000e+01
3.500000000000000000e+01
3.200000000000000000e+01
3.300000000000000000e+01
3.100000000000000000e+01
3.150000000000000000e+01
2.900000000000000000e+01
3.000000000000000000e+01
3.400000000000000000e+01
3.150000000000000000e+01
3.300000000000000000e+01
3.000000000000000000e+01
3.200000000000000000e+01
3.200000000000000000e+01
2.900000000000000000e+01
2.800000000000000000e+01
3.300000000000000000e+01
3.000000000000000000e+01
3.200000000000000000e+01
2.450000000000000000e+01
3.150000000000000000e+01
3.350000000000000000e+01
2.900000000000000000e+01
2.800000000000000000e+01
2.750000000000000000e+01
2.950000000000000000e+01
3.200000000000000000e+01
3.000000000000000000e+01
3.000000000000000000e+01
2.750000000000000000e+01
3.300000000000000000e+01
2.900000000000000000e+01
2.600000000000000000e+01
2.950000000000000000e+01
2.350000000000000000e+01
3.050000000000000000e+01
2.500000000000000000e+01
2.750000000000000000e+01
2.350000000000000000e+01
3.500000000000000000e+01
6.950000000000000000e+01
1.060000000000000000e+02
9.800000000000000000e+01
7.750000000000000000e+01
8.150000000000000000e+01
1.015000000000000000e+02
1.055000000000000000e+02
8.450000000000000000e+01
8.500000000000000000e+01
1.010000000000000000e+02
1.025000000000000000e+02
1.005000000000000000e+02
1.010000000000000000e+02
9.200000000000000000e+01
1.100000000000000000e+02
1.030000000000000000e+02
9.300000000000000000e+01
8.500000000000000000e+01
1.065000000000000000e+02
1.065000000000000000e+02
8.600000000000000000e+01
7.400000000000000000e+01
7.050000000000000000e+01
7.800000000000000000e+01
7.950000000000000000e+01
5.000000000000000000e+01
3.200000000000000000e+01
2.400000000000000000e+01
2.100000000000000000e+01
2.500000000000000000e+01
2.700000000000000000e+01
3.000000000000000000e+01
2.650000000000000000e+01
2.850000000000000000e+01
2.600000000000000000e+01
2.800000000000000000e+01
2.750000000000000000e+01
2.400000000000000000e+01
2.900000000000000000e+01
2.500000000000000000e+01
2.250000000000000000e+01
2.450000000000000000e+01
2.600000000000000000e+01
2.600000000000000000e+01
2.150000000000000000e+01
2.800000000000000000e+01
2.350000000000000000e+01
2.100000000000000000e+01
2.200000000000000000e+01
2.400000000000000000e+01
2.250000000000000000e+01
2.550000000000000000e+01
2.750000000000000000e+01
2.550000000000000000e+01
2.200000000000000000e+01
2.600000000000000000e+01
2.450000000000000000e+01
2.300000000000000000e+01
2.600000000000000000e+01
2.750000000000000000e+01
2.000000000000000000e+01
2.400000000000000000e+01
2.250000000000000000e+01
2.250000000000000000e+01
2.400000000000000000e+01
2.150000000000000000e+01
2.300000000000000000e+01
2.450000000000000000e+01
2.650000000000000000e+01
2.000000000000000000e+01
1.950000000000000000e+01
1.950000000000000000e+01
1.750000000000000000e+01
2.250000000000000000e+01
2.100000000000000000e+01
1.800000000000000000e+01
2.500000000000000000e+01
2.000000000000000000e+01
2.300000000000000000e+01
2.150000000000000000e+01
2.200000000000000000e+01
2.200000000000000000e+01
2.200000000000000000e+01
1.900000000000000000e+01
2.950000000000000000e+01
3.900000000000000000e+01
3.750000000000000000e+01
3.900000000000000000e+01
3.550000000000000000e+01
3.750000000000000000e+01
4.350000000000000000e+01
3.800000000000000000e+01
4.000000000000000000e+01
4.000000000000000000e+01
4.100000000000000000e+01
4.200000000000000000e+01
4.450000000000000000e+01
4.150000000000000000e+01
3.900000000000000000e+01
4.750000000000000000e+01
3.650000000000000000e+01
3.950000000000000000e+01
3.700000000000000000e+01
3.900000000000000000e+01
3.700000000000000000e+01
3.000000000000000000e+01
3.150000000000000000e+01
3.200000000000000000e+01
3.100000000000000000e+01
2.950000000000000000e+01
2.200000000000000000e+01
2.500000000000000000e+01
2.150000000000000000e+01
2.000000000000000000e+01
2.100000000000000000e+01
2.000000000000000000e+01
1.800000000000000000e+01
2.450000000000000000e+01
2.050000000000000000e+01
1.600000000000000000e+01
1.600000000000000000e+01
2.050000000000000000e+01
1.800000000000000000e+01
1.950000000000000000e+01
2.200000000000000000e+01
1.500000000000000000e+01
2.300000000000000000e+01
2.000000000000000000e+01
1.700000000000000000e+01
2.150000000000000000e+01
1.700000000000000000e+01
1.950000000000000000e+01
2.000000000000000000e+01
1.500000000000000000e+01
1.650000000000000000e+01
1.700000000000000000e+01
1.800000000000000000e+01
2.000000000000000000e+01
2.100000000000000000e+01
2.200000000000000000e+01
1.850000000000000000e+01
1.800000000000000000e+01
